| PLATE | FIBER |   NHI |     zabs |
|   425 |   278 |  20.3 |  2.44161 |
|   444 |   627 |  20.3 |  2.86219 |
|   484 |   608 | 20.35 |  2.32928 |
|   495 |   216 | 20.45 |  2.77727 |
|   301 |   460 |  20.3 |  3.02022 |
|   355 |   415 |  20.6 |  2.25348 |
|   751 |    39 |  20.6 |  3.61178 |
|   753 |   391 |  20.4 |  3.97104 |
|   399 |   375 |  20.3 |  3.07727 |
|   763 |   474 |  20.3 |  2.95153 |
|   870 |   160 | 20.35 |  2.64629 |
|   569 |    23 | 20.45 |  2.48964 |
|   504 |    34 |  20.3 |  2.20997 |
|   875 |   445 |  20.5 |  2.79515 |
|   497 |   506 |  20.7 | 2.364993 |
|   920 |   446 |  20.3 |  3.70976 |
|  1051 |   304 | 20.45 |   3.6152 |
|   720 |   203 |  20.5 |  2.35417 |
|   424 |   376 | 20.45 |  3.51941 |
|  1203 |   583 |  20.4 |  2.98184 |
|  1060 |   123 | 20.45 |   2.3925 |
|   933 |   459 |  20.4 |  4.28548 |
|   902 |    91 |  20.6 |    2.981 |
|   770 |   291 |  20.5 |  3.84601 |
|  1007 |   330 |  20.3 |   2.3458 |
|  1238 |   265 |  20.4 |  2.31723 |
|  1002 |   409 | 20.35 |   3.4605 |
|  1004 |   329 |  20.3 |    3.224 |
|  1014 |   549 |  20.3 |  2.31356 |
|  1371 |   255 | 20.35 |   3.1356 |
|  1282 |    70 | 20.35 |  2.60815 |
|   914 |   212 | 20.35 |     2.56 |
|  1288 |   573 |  20.3 |   2.2199 |
|  1049 |   523 | 20.35 |     2.57 |
|  1331 |   585 | 20.35 |   2.6739 |
|  1168 |   543 |  20.3 |  3.72807 |
|  1054 |   602 |  20.3 |  2.55209 |
|   631 |   127 | 20.35 |  4.57422 |
|   987 |   123 |  20.3 |   3.2071 |
|   738 |   405 |  20.3 |  2.75737 |
|   890 |   181 | 20.45 |   3.2237 |
|  2090 |   105 |  20.5 |  3.90277 |
|  1606 |   241 |  20.4 |   3.8027 |
|  1607 |   537 |  20.3 |  3.02424 |
|  1370 |   335 |  20.5 |  2.58369 |
|  1670 |   397 |  20.4 |  2.22834 |
|  1827 |   269 |  20.4 |   2.3078 |
|  1683 |    66 | 20.45 |   2.2778 |
|  1415 |   423 | 20.35 |  4.00655 |
