| PLATE | FIBER |   NHI |    zabs |
|   493 |   507 |  20.4 | 2.22131 |
|   826 |   305 | 20.35 | 4.30337 |
|   286 |   183 |  20.7 | 4.67434 |
|   517 |   259 |  20.7 | 3.28551 |
|   494 |   542 |  20.3 | 4.25451 |
|   849 |   584 |  20.3 | 3.64146 |
|   787 |    48 | 21.75 | 3.77888 |
|  1282 |   466 |  20.8 |  2.5441 |
|  1162 |   579 |  20.3 | 2.90524 |
|  1408 |   460 | 20.95 |  5.0756 |
|  2085 |   449 |  20.8 |  2.7904 |
|  1431 |   358 |  20.8 | 2.72827 |
|  1431 |   358 | 21.25 |  2.7493 |
|  1970 |    98 |  20.4 | 2.90141 |
|  2010 |   536 |  20.4 |  3.6714 |
|  1374 |   217 | 20.35 | 3.34618 |
|  2136 |   438 |  20.4 |  2.8115 |
|  1571 |   323 |  20.3 |   2.955 |
