| PLATE | FIBER |          zabs |           zem |           NHI |
|   278 |   215 | 4.42480711007 | 4.57584619522 | 20.6272111671 |
|   385 |   492 | 3.10378217329 | 3.96307706833 | 20.8100607644 |
|   385 |   492 | 3.35195404353 | 3.96307706833 | 20.6286446325 |
|   385 |   492 | 3.59710370046 | 3.96307706833 | 20.8610620021 |
|   385 |   492 | 3.84600993962 | 3.96307706833 | 20.6923130656 |
|   410 |   466 | 3.91342465317 | 4.00098514557 | 20.9563782367 |
|   450 |   590 | 2.87332822513 | 3.19846796989 | 20.6931470768 |
|   454 |   610 | 5.03231901153 | 5.41349983215 | 20.8332858849 |
|   454 |   610 | 5.32243394393 | 5.41349983215 | 20.9571995221 |
|   474 |   178 | 2.44258205489 | 2.86323904991 | 20.7284325649 |
|   532 |   328 | 4.58578609495 | 4.86969995499 | 20.8118824388 |
|   591 |   180 | 2.47523598499 | 2.85194802284 | 20.6392987015 |
|   607 |   558 | 3.18296567272 | 4.01976299286 | 20.7614284878 |
|   857 |   129 | 2.56274140129 | 2.86154603958 | 20.6844869874 |
|   978 |   228 |  3.9474828858 | 4.53932094574 | 20.6178608855 |
|  1015 |    64 | 2.76083517877 | 2.85820388794 | 20.7453342792 |
|  1211 |   492 | 3.71720011636 | 3.87200307846 | 20.7012295703 |
|  1266 |   436 | 3.62257855915 | 4.17739915848 | 20.7452286334 |
|  1272 |   586 | 4.50787785481 | 4.61128377914 | 20.8589111597 |
|  1298 |   455 |   4.739635335 | 5.03009986877 |  20.604779137 |
|  1309 |   450 | 4.81412414307 | 4.99312210083 | 20.7005744255 |
|  1417 |   347 | 4.55116710021 | 4.95590019226 | 20.6877080056 |
|  1434 |   346 | 3.58019850418 | 4.23061990738 | 20.7532208091 |
|  1591 |   529 | 3.41249575494 |  4.0738940239 | 20.6638940263 |
|  1606 |    71 | 5.09795619947 | 5.16699981689 | 20.6925498219 |
|  1673 |   545 | 3.76962571969 | 3.99888205528 | 20.7773688805 |
|  1674 |   608 | 2.55291077078 | 3.19330501556 | 20.7667409647 |
|  1677 |   324 | 3.67718233319 | 3.89050889015 | 20.7054073602 |
|  1728 |   598 | 4.60124153495 | 4.77988004684 | 20.7937962522 |
|  1753 |   419 |   2.357254778 |  3.0467479229 | 20.7650995202 |
|  1840 |   445 | 4.66740567326 | 4.90655088425 | 20.6338774519 |
|  1923 |   309 | 4.20576190023 | 4.80405092239 | 20.6349078195 |
|  2010 |   536 | 3.64391541232 |  4.0963640213 | 20.7501916211 |
|  2111 |   525 | 2.93535849173 | 3.04181694984 | 20.7102302675 |
|  2136 |   493 | 3.57282204275 | 4.01019096375 | 20.8071034019 |
