| Plate | Fiber |  z_QSO |     SNR |  z_DLA | log.NHI |             dz12 |               dNHI |
|  4277 |     2 | 2.5533 |  1.1826 | 2.3054 | 21.0429 |   0.365149748338 |    0.0532988720174 |
|  6183 |   530 | 2.6358 |  2.5148 |  2.068 | 21.0465 |             99.0 |               99.0 |
|  5648 |    40 |  2.823 |  0.8223 | 2.5519 | 21.3296 | -0.0165885636624 |     0.331756424507 |
|  7150 |   388 | 2.3636 |  3.8029 | 2.0286 | 21.2611 |             99.0 |               99.0 |
|  4300 |   381 |  2.594 | 48.0934 | 2.3577 | 21.4401 |  -0.082505635704 |     0.612330702041 |
|  7150 |   864 | 2.5863 |  1.1756 | 2.0846 | 21.5253 | -0.0270041671594 |      1.08352344548 |
|  6280 |   439 | 2.9003 |  1.0069 | 2.7352 | 21.3848 |  0.0165587363347 |      0.69437517104 |
|  6279 |    46 | 2.7399 |  0.7704 | 2.1595 | 21.1119 |             99.0 |               99.0 |
|  6189 |   912 |  2.982 |   9.538 | 2.3601 | 21.0465 |  0.0610853137827 |    -0.375982019806 |
|  4220 |   420 | 2.9202 | 56.1208 |  2.308 | 21.0465 |  0.0264105604445 |     0.397027710501 |
|  7037 |     2 | 2.4948 |  1.2467 |  2.218 | 21.3721 |    0.28451162849 |     0.593434970735 |
|  6284 |   518 |  2.539 |  1.4419 | 2.3617 | 21.4002 | -0.0164927481348 |     0.421891737979 |
|  3588 |   694 | 2.3817 |  0.9999 | 2.0967 |  21.369 | -0.0192048996644 |     0.662151175996 |
|  4223 |   139 | 2.5644 | 10.6574 | 2.2211 | 21.7906 |  -0.208822436676 |      1.29470209554 |
|  6874 |   828 |  2.489 |  4.4793 | 2.1682 | 21.3834 |             99.0 |               99.0 |
|  5701 |   456 | 2.8708 |  0.7959 |  2.569 | 21.2177 |             99.0 |               99.0 |
|  5706 |   118 | 3.0493 |    3.26 | 3.0331 | 21.8747 |  0.0181120586796 |     0.879796900739 |
|  5704 |   857 | 2.9053 |  0.7408 | 2.6665 |  21.602 |   0.188862025673 |     0.951138309165 |
|  5706 |    79 |  2.784 |  5.8692 | 2.2009 | 21.3475 |  0.0197490821291 |     0.751323240859 |
|  6257 |    84 |  2.544 |  2.5139 | 2.1558 |  21.934 |  0.0168510867335 |     0.824564690572 |
|  4226 |   838 | 3.2259 |   1.042 | 2.7013 | 21.5777 | -0.0259130061252 |     0.797909982228 |
|  4315 |   636 |  3.783 |  0.8061 | 3.5997 | 21.1691 | -0.0260726899056 |    -0.122295989191 |
|  4310 |   436 |   3.99 |  1.1732 | 3.7537 | 21.7362 |  0.0408422465338 |      1.08514078113 |
|  5129 |   304 |  2.535 |  3.8759 | 2.0317 | 21.0534 |             99.0 |               99.0 |
|  4229 |   984 | 2.5539 |  4.3476 | 2.1116 | 21.0215 |             99.0 |               99.0 |
|  4661 |   744 | 3.3883 |  20.116 | 2.8932 | 21.3302 | -0.0177678523469 |       0.2557652288 |
|  5109 |   856 |   2.38 |  1.6175 | 2.1102 | 21.6931 |             99.0 |               99.0 |
|  5130 |   144 |  3.621 |   0.987 | 3.0637 | 21.8347 | -0.0259333143452 |     0.619121226892 |
|  6269 |   610 |  2.231 |  2.7121 | 2.1527 | 21.9306 |             99.0 |               99.0 |
|  4532 |   720 | 2.7762 |  8.2955 | 2.3778 | 21.8559 |             99.0 |               99.0 |
|  4350 |   958 |   2.49 |  1.4096 | 2.1846 | 21.3537 |             99.0 |               99.0 |
|  7164 |   738 | 2.3139 |  2.4412 | 2.0035 | 21.1798 |             99.0 |               99.0 |
|  4656 |   472 | 2.5767 |  3.7483 | 2.1872 | 21.3504 |             99.0 |               99.0 |
|  7184 |   788 | 3.0159 |  0.8225 | 2.5278 | 21.0281 |    0.19135297516 |     0.433721606665 |
|  4271 |   304 | 3.2246 |  6.8157 | 2.7566 |  21.184 |  0.0259516293998 |     0.134160675363 |
|  4271 |   266 |   2.25 |  1.3866 | 2.0022 | 21.2773 |             99.0 |               99.0 |
|  4233 |    34 | 2.6628 |   2.732 | 2.3186 | 21.1754 |   0.154251962691 |     0.743187836192 |
|  4400 |    97 | 2.2446 |  3.3549 |  2.025 | 21.4795 |             99.0 |               99.0 |
|  4237 |   722 |    2.6 |  0.7598 | 2.0389 | 21.6204 |             99.0 |               99.0 |
|  4237 |   837 | 4.4086 |  1.0024 | 3.5639 | 21.0465 |   0.100310814741 |     0.621807410654 |
|  4238 |   330 | 3.1806 |   2.421 | 2.6504 | 21.1273 |  -0.159242875688 |     0.479393024477 |
|  6780 |   774 |   2.41 |  0.7524 | 2.0607 | 22.8676 |             99.0 |               99.0 |
|  4262 |   160 | 2.4416 |  2.8208 | 2.1053 | 21.8972 |  0.0335606007001 |     0.922708216358 |
|  6780 |   943 |  2.277 |  0.7763 | 2.1198 | 22.2131 |   0.036013528985 |      1.31739627263 |
|  4386 |     4 | 2.9499 |  1.5678 |  2.657 | 21.1496 |   0.108994691585 |     0.344788633389 |
|  7057 |   612 | 3.7416 |  0.9027 | 3.5283 | 21.2567 | -0.0815245334877 |     0.541219734611 |
|  4240 |   883 | 4.0284 |  4.9188 | 3.2447 | 21.6204 |  0.0933976156924 |     0.474998991616 |
|  7053 |   190 | 2.7356 |  0.9923 | 2.2542 | 22.0805 |  -0.314288563662 |      1.56230798404 |
|  6782 |   956 |   2.39 |  0.7887 | 2.1875 | 22.4319 |  -0.361323481856 |      1.62300533831 |
|  7337 |    17 | 2.8247 |  1.1794 |  2.538 |  21.633 |   -0.28658367865 |      1.13013458224 |
|  4242 |   684 |  3.785 |  2.2469 | 3.5842 | 21.3848 | -0.0160811849638 |     0.428472617666 |
|  4462 |   732 | 3.8844 |  1.3405 | 3.7985 | 22.2344 |   0.206686528571 |      1.57739270856 |
|  4452 |   428 | 3.1938 |   1.523 | 2.6501 | 21.1735 | -0.0158303293143 |     0.469958842955 |
|  4443 |   134 | 2.3747 |  0.8072 | 2.1177 | 21.4699 | -0.0328346829706 |       1.1133755266 |
|  3791 |   438 |  2.287 |  2.4213 | 2.0916 |  21.401 |             99.0 |               99.0 |
|  7379 |   452 | 2.5128 |  1.0522 | 2.0247 | 21.4082 |             99.0 |               99.0 |
|  4501 |   848 | 3.7387 | 15.9621 | 2.9994 | 21.1716 |             99.0 |               99.0 |
|  4843 |    74 | 3.1139 |  5.7364 | 2.4959 | 21.4869 |  -0.678406031473 |       1.0504669812 |
|  7379 |   256 |  2.742 |  1.4696 | 2.1721 | 21.0937 |             99.0 |               99.0 |
|  5494 |    82 |   2.47 |  1.3995 | 2.2524 | 21.9572 |  0.0173247447524 |     0.752189312265 |
|  4505 |   200 | 2.4212 | 11.7536 | 2.0205 | 21.0249 |             99.0 |               99.0 |
|  7280 |   374 |  2.297 |  2.4829 | 2.0122 | 21.7671 |             99.0 |               99.0 |
|  4486 |   426 | 2.5962 |  0.9717 | 2.2438 | 21.0276 |             99.0 |               99.0 |
|  3806 |   596 | 2.7434 |  2.5425 | 2.4422 |  21.987 | -0.0330352676405 |      1.10017146551 |
|  3759 |   392 | 3.9427 |  1.4949 | 3.5564 | 21.8171 | -0.0332991538102 |      1.05602207278 |
|  4509 |   762 |  2.305 |    6.07 | 2.0073 |  21.474 |             99.0 |               99.0 |
|  3758 |   234 |  2.221 |  7.2631 | 2.0233 | 21.7263 |             99.0 |               99.0 |
|  4450 |   405 |  2.343 |  1.1267 | 2.0464 | 21.0526 |             99.0 |               99.0 |
|  3694 |   592 | 3.2151 |  5.8867 | 2.8562 | 21.1789 |    0.34314961549 |      0.78897608403 |
|  5149 |   954 |  2.427 |  0.7903 | 2.1333 | 21.7514 |  0.0693314409312 |      1.24925343906 |
|  4455 |   664 |  4.041 |  0.8602 | 3.6602 |  21.101 |   0.478198639639 |     0.566343699345 |
|  3807 |    64 |  2.755 | 23.0027 |  2.423 | 21.8437 |   -0.18514848692 |      1.16955832488 |
|  4467 |   446 |  2.995 |  1.2982 | 2.4307 | 21.4921 |   -0.01981775397 |     0.740246106084 |
|  4489 |   376 |  2.235 |   1.447 | 2.0805 |  21.438 |             99.0 |               99.0 |
|  4460 |   478 |  2.266 |  1.7556 | 2.1123 | 21.2203 |             99.0 |               99.0 |
|  4478 |   886 |   2.38 |  1.4437 | 2.1956 | 21.4855 |             99.0 |               99.0 |
|  4467 |   318 |  3.952 |  7.8832 | 3.2502 | 21.5927 |  -0.029215010087 |     0.729965176305 |
|  4794 |   260 | 2.5942 | 11.3975 | 2.0328 | 21.0465 |  -0.460085240881 |     0.664899347576 |
|  4903 |   472 | 3.1955 |  2.6832 |   2.75 | 21.3947 |  -0.304004411533 |    -0.204082475916 |
|  6396 |   583 |  3.997 |  1.9051 | 3.7561 | 22.7261 |   0.637171095954 |      2.07513342829 |
|  4441 |   662 | 3.2355 |  1.4384 | 2.5741 | 21.0465 |  0.0220078409437 |      0.14793348317 |
|  4683 |   224 |  2.509 |  3.5226 | 2.0658 |  21.551 | -0.0222504519884 |     0.844220335766 |
|  4606 |   513 | 2.4513 |  1.9668 | 2.0366 | 21.0074 |             99.0 |               99.0 |
|  4484 |   906 |  2.202 |  2.7999 | 2.0222 | 21.1966 |             99.0 |               99.0 |
|  7374 |   161 |  2.155 |  2.6637 | 2.1279 | 21.0159 |             99.0 |               99.0 |
|  5289 |   642 |  2.354 |  3.2993 | 2.1852 |  21.387 | -0.0150522753656 |     0.739985456732 |
|  3810 |   869 |  2.357 |  7.7829 | 2.1752 |  21.881 |  0.0159481750676 |     0.941983059368 |
|  5158 |   542 | 2.4205 |    1.23 | 2.1968 | 21.8377 |  0.0215028178777 |     0.713115716917 |
|  5290 |   740 |  3.268 |  0.9133 | 3.0342 | 21.4282 | -0.0170056719494 |     0.208085740783 |
|  5162 |   312 | 2.6197 |  1.0059 | 2.0774 |  21.051 |   0.147962129255 |     0.300360153163 |
|  5291 |   193 | 2.5595 |  0.9381 | 2.2298 | 21.5192 | -0.0172142814765 |     0.913016602503 |
|  5713 |   492 |  2.882 |  2.4451 | 2.4047 | 22.0661 |  0.0195007631594 |     0.921411928189 |
|  5780 |   594 | 2.6028 |  0.7156 | 2.3845 | 22.1137 |  0.0778807591698 |       1.1641685594 |
|  4688 |   620 |  3.261 |  6.7184 | 2.7995 | 21.8397 | -0.0198047127561 |     0.954991044618 |
|  7515 |   797 | 2.5451 |   1.992 | 2.2012 |  21.465 |             99.0 |               99.0 |
|  4607 |   994 | 2.7984 |   5.669 | 2.6047 | 21.4772 | -0.0217716357544 |     0.831730567407 |
|  4605 |   229 |    4.1 |  1.5519 |  3.422 | 21.9409 | -0.0262005357642 |     0.881329905534 |
|  4603 |   402 |   2.28 |  3.7158 | 2.0132 | 21.1779 |             99.0 |               99.0 |
|  5735 |   892 |  2.449 |  1.3782 | 2.2007 | 21.3721 |  0.0151505463679 |     0.911037772502 |
|  5301 |   510 |  2.401 |  7.5055 | 2.0109 | 21.5554 |             99.0 |               99.0 |
|  5735 |    62 | 3.2944 |  0.7659 | 2.9122 | 22.2046 |   0.192703208879 |      1.75999411393 |
|  4869 |   420 |  2.411 |  0.7683 | 2.1681 | 21.9071 |  -0.029942966083 |      1.01594007826 |
|  5769 |   963 |   3.65 |  1.4801 | 3.5445 | 22.1422 |  -0.743412783563 |       1.7340398786 |
|  5809 |   812 | 4.0773 |  1.2677 | 3.4373 | 21.2844 | -0.0221818501577 |     0.595235842625 |
|  3820 |   304 | 2.9492 | 16.4387 | 2.3346 | 21.2928 |   0.264275233423 |      0.92605037532 |
|  5775 |   342 |  2.187 |  4.1816 | 2.1768 | 21.0771 | -0.0219785991984 |     0.498345061423 |
|  5733 |   720 | 3.1361 |  1.4759 | 2.9286 | 21.8652 |  0.0739559784676 |      1.02158349269 |
|  4643 |    74 | 2.5432 |   1.067 | 2.1959 | 21.1498 |   0.125575233423 |     0.721209859153 |
|  5811 |    86 | 3.1038 |  0.8238 | 2.4629 | 21.0465 |   0.017144682202 |     0.669421139617 |
|  5768 |   826 | 2.3185 |  3.8905 | 2.0132 | 21.5161 |             99.0 |               99.0 |
|  5305 |   256 | 2.2186 |  2.1077 | 2.0287 | 21.3278 |             99.0 |               99.0 |
|  5797 |   762 | 2.5848 |  1.2632 | 2.0717 | 21.0795 |             99.0 |               99.0 |
|  5808 |   104 |  5.067 |  0.9197 | 4.1195 | 21.0465 |  0.0357498065624 |     0.154449519103 |
|  5808 |   140 |  3.717 |  2.2533 | 2.9803 | 21.0465 |  0.0167509482168 |   -0.0462588705159 |
|  5309 |   362 |  3.166 |  2.4041 | 3.0266 | 22.2216 |  0.0309795133291 |     0.238938968086 |
|  4639 |   132 |  2.161 |  5.0419 |   2.15 | 21.0638 | -0.0165358579914 |     0.325169581616 |
|  5792 |   720 | 2.2936 |  2.8133 | 2.0285 | 21.2115 |             99.0 |               99.0 |
|  5767 |   990 | 3.7613 |  0.7931 | 3.2605 | 21.0707 |   0.548701349359 |     0.339106610917 |
|  7445 |   927 | 2.4375 |  1.1563 | 2.0809 |  21.183 |             99.0 |               99.0 |
|  5720 |   574 | 2.2893 |  0.8422 | 2.1905 | 21.0984 |             99.0 |               99.0 |
|  7292 |   515 |  2.727 |  1.5314 |  2.672 | 21.4993 |             99.0 |               99.0 |
|  5315 |   820 | 2.5588 |  1.3409 | 2.1033 | 21.7094 |             99.0 |               99.0 |
|  7447 |   210 | 3.0619 |   0.777 | 2.4275 | 21.0465 |             99.0 |               99.0 |
|  4569 |   548 | 2.7869 | 14.7518 | 2.3253 | 21.4067 |  -0.303677166398 |     0.735968436503 |
|  5783 |   868 |  3.177 |  2.6947 | 3.1549 | 21.7438 |  0.0179122368221 |     0.658654900445 |
|  5795 |    16 |  2.925 |  3.4743 | 2.4555 | 21.7166 | -0.0181366764315 |     0.687859883671 |
|  3782 |   960 | 2.2438 |  1.7234 | 2.0983 |  21.633 | -0.0183234623962 |      1.05496184895 |
|  5799 |   420 | 3.8273 |  0.8516 |  3.658 | 21.5126 | -0.0267281713736 |     0.321806350662 |
|  4799 |   729 |  2.208 |  6.0607 | 2.0767 | 22.2131 |             99.0 |               99.0 |
|  6663 |   524 | 2.1881 |  1.1145 | 2.0594 | 21.4699 |             99.0 |               99.0 |
|  5326 |   137 | 2.9034 |  2.3127 | 2.5054 | 21.5364 |  0.0269619267564 |      1.20775274659 |
|  5882 |   780 |  2.317 |  1.9233 | 2.0723 | 21.3087 |             99.0 |               99.0 |
|  5893 |   454 |  4.994 |  1.3318 | 4.4875 | 21.0325 |  0.0376543451862 |      0.21571815095 |
|  5332 |   490 | 2.5618 |  0.9046 | 2.2932 | 21.1905 |  0.0431933807078 |     0.589868401912 |
|  4566 |   200 | 2.8337 |  0.9073 | 2.4344 | 21.0566 | -0.0224807896314 |     0.408455473275 |
|  6662 |   500 |   4.44 |  1.7791 | 4.2527 | 22.0265 |  0.0156790503899 |     0.321870246891 |
|  6466 |   740 | 3.2766 |  4.1616 | 2.8738 |  21.969 |   0.605782117821 |      1.45006398693 |
|  5331 |   842 |  2.613 |  11.895 | 2.4213 | 21.6773 | -0.0157381758362 |     0.438269655119 |
|  4561 |   200 |   5.03 |  6.3022 | 4.7807 | 21.0735 |  0.0172264145749 |     0.378767458368 |
|  6466 |   998 | 2.4472 |    0.93 | 2.1837 | 21.3343 |             99.0 |               99.0 |
|  4876 |   782 | 3.1748 |  0.7615 | 2.8159 | 21.3343 |             99.0 |               99.0 |
|  6465 |   720 |  3.223 |     1.0 | 3.0408 | 21.0443 |             99.0 |               99.0 |
|  3784 |   968 | 2.8792 |   0.737 | 2.2734 | 21.0465 |             99.0 |               99.0 |
|  5883 |   998 | 2.5177 |  3.5462 | 2.0573 | 21.0573 |             99.0 |               99.0 |
|  5872 |   162 | 2.5669 |  1.5382 | 2.1587 | 21.2408 |             99.0 |               99.0 |
|  5338 |   298 | 2.4297 |  1.3007 | 2.1191 | 21.7906 |  0.0175103239494 |     0.741093457412 |
|  7381 |    47 |  2.361 |   0.766 | 2.1754 | 22.6336 |             99.0 |               99.0 |
|  5343 |   588 | 2.4476 |  9.7629 | 2.0406 | 21.7463 | -0.0156173999857 |      1.06942455643 |
|  5884 |   998 |  3.173 |  2.4024 | 3.1621 | 21.5269 | -0.0179782310372 |     0.422741471833 |
|  5345 |   358 | 2.4358 |  1.1619 | 2.0841 | 22.2329 |  0.0398220278992 |      1.62254045695 |
|  4691 |   222 |  2.462 |  1.6596 | 2.2332 | 21.7047 |  0.0166941087656 |      1.28243150884 |
|  4772 |   870 | 2.4075 |  4.6695 |   2.19 | 21.1557 |             99.0 |               99.0 |
|  3834 |   494 |  2.964 |  1.4608 | 2.3498 | 21.3043 |  -0.121436781338 |     0.806143164197 |
|  6657 |   738 | 2.2412 |  1.1164 | 2.0997 | 21.1274 |             99.0 |               99.0 |
|  5349 |   740 | 3.4343 |  2.3089 | 2.7431 | 21.6204 |  0.0295935076953 |     0.392397261203 |
|  4773 |   866 |  2.367 |  0.6948 | 2.0993 |  21.369 | -0.0194765398273 |     0.954727502166 |
|  5351 |   428 |  5.085 |  1.0555 | 4.9753 | 21.1679 | -0.0168733456396 |     0.445115686629 |
|  5350 |   802 |   3.66 |  1.0798 | 3.6473 | 21.3096 |  0.0247208776076 |     0.180028749388 |
|  6449 |   579 |  2.332 |   1.967 | 2.0375 |  21.217 |             99.0 |               99.0 |
|  4773 |    52 | 2.9082 |  1.2386 |  2.306 | 21.3475 |  -0.333019773433 |     0.759974689733 |
|  7096 |   820 |  2.355 |   1.686 | 2.0995 | 21.8972 |             99.0 |               99.0 |
|  5351 |    12 |  2.331 |  1.7238 | 2.0499 | 21.6862 |             99.0 |               99.0 |
|  6446 |   584 |  4.812 |  0.8377 | 4.5214 | 21.6384 |  0.0160591308702 |     0.766072286712 |
|  6445 |   148 |  2.165 |  1.1443 | 2.0535 | 21.1164 |  -0.114492865431 |     0.465685137586 |
|  7105 |   268 | 2.3724 |  2.7947 | 2.0492 | 21.3165 |             99.0 |               99.0 |
|  6445 |    38 | 3.1831 |  1.2787 | 2.5311 | 21.6204 |  0.0253224021784 |     0.125529496863 |
|  6664 |   926 | 2.5053 |  0.7427 | 2.1297 | 21.0066 |  -0.215208914362 |     0.315389252564 |
|  7101 |   582 | 3.1679 |  0.9197 | 2.7609 | 21.4048 |  0.0164820555743 |     0.941374631272 |
|  6418 |   148 | 2.2918 |  0.7978 | 2.1636 | 21.7312 |  0.0217581587982 |      1.18537475524 |
|  6428 |   374 | 2.5811 |   1.008 | 2.0635 | 21.0876 |  -0.182767401991 |     0.675664088893 |
|  6441 |   492 |  2.619 |  0.9513 |  2.387 | 21.0078 | -0.0429224366759 |     0.478340589555 |
|  4685 |   294 | 2.4571 |   1.309 |  2.308 | 21.9306 | -0.0269106903241 |     0.523028804369 |
|  5888 |   782 | 2.7144 |  0.7603 | 2.4129 | 21.5493 |  -0.032855317798 |     0.963931421068 |
|  5362 |   251 |   2.27 |  2.4796 | 2.0079 | 21.1581 |  0.0818342694495 |     0.751695482766 |
|  4620 |   919 | 2.5213 |  1.3422 |  2.022 | 21.5927 |             99.0 |               99.0 |
|  4685 |   948 | 4.4221 |   7.722 | 4.1917 | 21.0881 | -0.0200587902916 |     0.107324492907 |
|  6699 |   266 | 2.4277 |  0.8194 | 2.1585 |  21.427 | -0.0424903184175 |     0.967564313277 |
|  5367 |   680 | 2.4872 |   2.722 | 2.0141 | 21.3594 |             99.0 |               99.0 |
|  6420 |   250 | 2.6761 |  4.3255 |  2.595 | 21.3156 | -0.0870034007739 |     0.953311985482 |
|  7108 |   788 | 2.6319 |  1.4976 | 2.0741 | 21.0559 |             99.0 |               99.0 |
|  3839 |   609 |  2.296 |   1.995 | 2.0736 |  21.315 |             99.0 |               99.0 |
|  3839 |   354 | 2.4946 |  3.0474 | 2.1989 |  21.427 |  -0.460284917062 |     0.869935868123 |
|  5371 |   356 | 3.1171 |   0.938 | 2.8143 | 22.1463 |  0.0595217385783 |      1.29083929757 |
|  7396 |   222 | 2.5402 |  1.1985 | 2.0907 | 21.5412 | -0.0173240056666 |     0.788834912798 |
|  5879 |   156 | 2.5248 |  0.7279 | 2.1316 | 21.4331 |  0.0207131906043 |      1.09459162453 |
|  6433 |   389 | 2.2192 |  1.2656 | 2.0925 | 21.2806 |             99.0 |               99.0 |
|  5377 |   197 | 3.4003 |  0.7541 |  3.039 | 21.0884 |  0.0341671294173 |     0.509079078968 |
|  5381 |   600 | 2.5928 |  0.8306 | 2.2742 | 21.6751 |             99.0 |               99.0 |
|  5381 |   392 | 2.6062 |  0.8593 | 2.0912 | 21.1648 |             99.0 |               99.0 |
|  4654 |    46 | 2.4124 | 31.1373 | 2.2821 | 21.6855 |  0.0193454191284 |      1.05353286467 |
|  6689 |   456 |   6.44 |  1.0902 | 5.9526 | 22.9818 |             99.0 |               99.0 |
|  6639 |   520 |  3.682 |  1.8867 | 2.9508 | 21.0465 |  0.0281070032883 |     -0.02746866657 |
|  3790 |   852 | 3.8036 |  0.8366 | 3.5135 | 21.2872 |  -0.167991225003 |     0.577379705297 |
|  5386 |   637 |  2.571 |  1.7393 | 2.3098 | 21.5656 |  0.0918123994767 |     0.777569834032 |
|  4647 |   583 | 3.0504 |  4.6986 | 2.4185 | 21.1716 |  0.0712801573669 |     0.531489102937 |
|  3776 |   448 |  2.395 |  3.4585 | 2.0172 | 21.7094 |             99.0 |               99.0 |
|  7106 |   182 |  2.504 |  6.4087 | 2.4626 | 22.1084 | -0.0190436904392 |      1.14787985132 |
|  3843 |   182 |  3.085 |  0.8701 | 2.7489 | 21.3618 | -0.0162670959995 |    0.0357136970103 |
|  4697 |   782 | 2.6164 | 11.5756 | 2.0926 | 21.9295 |             99.0 |               99.0 |
|  4746 |   871 |  2.271 | 12.5614 | 2.0292 | 21.2342 |             99.0 |               99.0 |
|  4847 |   960 | 2.6862 |    3.48 | 2.2509 | 21.2332 |  0.0306892330592 |     0.447036991175 |
|  6972 |   446 | 2.8347 |  0.8301 | 2.5271 | 21.8907 |  0.0821391579335 |      1.18052475296 |
|  4748 |   756 | 2.9104 |  3.2035 | 2.7236 | 21.7362 | -0.0156474256737 |     0.311320810188 |
|  3845 |   374 | 3.1656 |  4.1291 | 2.6286 | 21.3936 | -0.0196470186194 |     0.451456545268 |
|  4749 |   768 |  2.505 | 10.6049 | 2.3825 | 21.4418 |             99.0 |               99.0 |
|  5849 |   584 | 2.9543 |  0.7285 |  2.341 | 21.4758 |  -0.160743765783 |     0.943613527834 |
|  6975 |   194 |  3.735 |  2.8069 | 3.4165 | 21.7412 |  -0.015342288486 |     0.147753698488 |
|  3777 |   707 | 3.7229 |  7.1799 | 3.5257 |  21.151 |  -0.361772513871 |   -0.0349234164265 |
|  6688 |    38 |  2.447 |   3.895 | 2.1048 |  21.111 | -0.0226057191071 |     0.727425961649 |
|  6974 |   874 | 2.8673 |  0.7385 |  2.603 | 21.0799 |   0.358227561949 |     0.512140579238 |
|  6476 |   889 |   2.66 |  3.6528 | 2.2871 | 21.2603 |             99.0 |               99.0 |
|  4750 |   110 | 4.0623 | 12.1328 | 3.5737 | 21.5621 | -0.0202289940167 |     0.456506490259 |
|  6972 |   982 | 2.3959 |  0.8338 | 2.1457 | 21.6788 |             99.0 |               99.0 |
|  6637 |   858 | 5.1905 |  1.4552 | 4.8161 | 21.1606 |  0.0153483118877 |     0.322096138053 |
|  6966 |   899 | 3.0119 |  0.7892 | 2.6528 | 21.2004 |   0.400548123206 |     0.804959888193 |
|  5852 |   496 | 3.0121 |  0.8322 | 2.5972 | 21.1478 |             99.0 |               99.0 |
|  7120 |   478 | 2.9983 |  0.8431 | 2.8093 | 21.4093 |   0.313195485617 |     0.568019700853 |
|  5401 |   724 |  2.484 |  7.5632 | 2.0327 | 21.6722 |             99.0 |               99.0 |
|  5401 |   748 | 2.8312 |  0.9638 | 2.3111 |  21.259 |  0.0960754163985 |      0.82284061882 |
|  5980 |   240 | 2.2894 |  2.2204 | 2.0275 |  21.134 |  0.0940116284898 |     0.556824211606 |
|  7419 |   480 | 2.2435 |  0.7401 | 2.1333 | 22.0818 |  0.0629752334232 |       1.6812295923 |
|  6667 |   700 |  2.256 |  2.4719 | 2.0373 | 21.6969 |             99.0 |               99.0 |
|  5983 |   377 |  2.233 |  1.6117 | 2.0896 | 21.2067 | -0.0177074512152 |     0.903439185903 |
|  5400 |    18 | 2.3147 |  0.8079 |    2.2 | 21.8288 | -0.0410392455909 |     0.789919919753 |
|  4834 |   566 |  5.302 |   3.231 | 5.0217 | 21.6514 | -0.0580303550974 |     0.737893898472 |
|  5984 |   420 | 2.2418 |  1.1193 | 2.0587 |  21.283 |             99.0 |               99.0 |
|  3969 |   788 |  3.222 |  1.5219 | 2.9467 | 21.7833 |   0.500152214751 |      1.47581832345 |
|  5408 |   404 | 2.7486 |  1.5646 | 2.4152 | 21.3537 | -0.0178838717024 |     0.930557978173 |
|  5408 |   614 | 2.7694 |  1.0539 | 2.2461 | 21.4704 | -0.0189086748074 |     0.884998778647 |
|  6482 |   308 |  2.301 |  2.1252 | 2.0296 | 22.4095 |             99.0 |               99.0 |
|  4754 |   900 | 2.5492 |   2.844 | 2.0927 | 21.0639 |             99.0 |               99.0 |
|  5986 |   316 |  2.962 |  0.8474 | 2.7414 | 21.5396 |   0.586508955157 |      1.02348564182 |
|  5985 |     6 | 2.7618 |   1.073 | 2.3823 | 21.7592 | -0.0279348621285 |      1.19813559166 |
|  5986 |   876 |  3.105 |  0.7697 | 2.7658 |  21.786 |   0.323217363599 |      1.31964632529 |
|  3972 |   716 |  3.066 |  2.4176 | 2.9752 | 21.0577 |  0.0153003953838 |    -0.291110566619 |
|  7416 |   361 | 3.0702 |  0.7495 | 2.7358 | 21.4405 | -0.0207081941697 |     0.574710741331 |
|  5988 |   230 |  2.346 |  4.4671 |  2.051 | 21.3165 |             99.0 |               99.0 |
|  3974 |   404 | 3.9425 |  2.6605 | 3.5046 | 21.4699 |  -0.203918261149 |     0.723448212182 |
|  5417 |   490 |   3.51 |  1.2422 | 3.4995 | 21.0771 |             99.0 |               99.0 |
|  6618 |   126 |  2.765 |  3.3136 | 2.1892 | 21.5279 |             99.0 |               99.0 |
|  6487 |   496 | 2.6715 |  4.7831 | 2.2909 | 21.6172 |  0.0221304184627 |     0.952397339287 |
|  6487 |   476 | 3.8613 |  1.0146 | 3.6481 | 21.1062 | -0.0247765053427 |     0.502311856256 |
|  6753 |   512 | 2.3406 |  2.5276 | 2.0004 | 21.4351 |             99.0 |               99.0 |
|  6488 |   888 | 3.7995 |  1.5444 | 3.5835 | 21.0132 | -0.0157208129056 |     0.154708567826 |
|  6483 |   936 | 2.3587 |  1.5211 | 2.0762 | 21.8229 |             99.0 |               99.0 |
|  5994 |   336 | 2.9706 |  1.8437 | 2.5603 | 21.8972 | -0.0412071035931 |      1.22690590894 |
|  5425 |   526 | 2.3868 |  0.7766 | 2.0746 | 21.1469 |             99.0 |               99.0 |
|  5425 |   384 | 2.8725 |    1.11 | 2.5597 |  22.414 |             99.0 |               99.0 |
|  5997 |   412 |  2.334 |  1.6108 | 2.0218 | 21.0749 |  -0.134544638206 |     0.522421030917 |
|  5997 |   328 |   3.49 |  1.3907 | 2.7912 | 21.2928 |  0.0268988745147 |     0.123479288014 |
|  4707 |   466 |   3.74 |  1.2292 | 3.2571 |  21.315 | -0.0154229933648 |     0.186466104708 |
|  6486 |   936 | 2.4371 |  3.0044 | 2.0245 | 21.2026 |             99.0 |               99.0 |
|  5428 |   426 | 2.4223 |  0.8403 | 2.1584 | 21.1036 |   0.228286744552 |     0.108579091235 |
|  4004 |    64 | 2.7014 |  9.7292 | 2.2302 | 21.8161 |  0.0173949679112 |     0.759220336353 |
|  6489 |   680 | 2.5656 |  2.0193 | 2.0306 | 22.0494 |             99.0 |               99.0 |
|  5429 |   744 | 2.5967 |  2.4191 |  2.037 |  21.137 |             99.0 |               99.0 |
|  7409 |   118 |   2.31 |   1.905 | 2.1079 |  22.074 |             99.0 |               99.0 |
|  4839 |   784 | 4.1176 |  1.7796 | 3.9146 | 21.3465 | -0.0158236070696 |  -0.00128843187688 |
|  4708 |   515 |   3.31 |  2.8839 | 2.8019 | 21.9725 |  0.0202248390034 |     0.928449115131 |
|  5434 |   670 |  2.335 |  0.9414 | 2.1254 | 21.4717 |             99.0 |               99.0 |
|  5433 |   268 | 2.6257 |  0.8353 | 2.3995 | 21.3334 | -0.0949942751477 |     0.883351995079 |
|  4839 |   996 | 2.7141 |  5.1856 | 2.2171 | 21.5161 |  0.0197926670324 |      1.04032340495 |
|  7406 |   236 | 2.9434 |  0.7633 | 2.3557 | 21.9979 |  -0.355243123185 |      1.13004308296 |
|  5436 |   396 | 2.8419 |  0.7603 | 2.6054 | 21.0138 |  0.0720699998766 |     0.414277433784 |
|  5861 |   192 | 2.7385 |  3.9076 | 2.2197 |  21.242 |             99.0 |               99.0 |
|  4046 |   772 | 3.1092 | 11.1849 | 2.7152 | 21.3123 |  0.0619085826386 |     0.437517052643 |
|  5432 |     4 | 2.8679 |  1.0707 | 2.3215 | 21.4921 | -0.0272618003344 |      1.00638393969 |
|  4786 |   372 | 2.9975 |  3.8765 | 2.5257 | 21.2332 | -0.0940985215971 |     0.739651750055 |
|  4709 |   558 | 3.7448 |  1.6657 | 3.5919 | 21.5013 | -0.0158017810909 |     0.353849920342 |
|  5437 |    98 |  2.543 |   0.845 |  2.103 | 21.5777 |  0.0177928714207 |     0.978027397304 |
|  6805 |   948 | 2.3921 |  5.2912 | 2.1818 | 21.9071 | -0.0228773204282 |     0.982919046504 |
|  5443 |   940 | 3.1827 |  1.4196 | 3.1135 | 21.6656 |  0.0191560631175 |     0.433158041572 |
|  6006 |   108 |  2.388 |  0.7796 | 2.0731 | 21.1966 |             99.0 |               99.0 |
|  6009 |   488 | 3.3015 |  0.7875 | 3.0805 | 21.9171 |  0.0311600205545 |     0.799073353967 |
|  5447 |   394 |  2.762 |  0.8313 | 2.5395 | 21.2716 |             99.0 |               99.0 |
|  6005 |   160 | 2.7608 |  0.7638 | 2.3131 |  21.196 |  0.0525997138923 |     0.432900986625 |
|  6004 |   706 |  2.279 |  0.8985 | 2.1061 | 21.1219 |             99.0 |               99.0 |
|  5868 |   896 | 3.2082 |  0.9503 | 2.9464 | 21.1252 |             99.0 |               99.0 |
|  4033 |   490 | 2.5539 |  1.8775 | 2.0214 |  21.051 |             99.0 |               99.0 |
|  4863 |   414 |  3.055 |  0.7888 | 2.4384 | 21.9607 | -0.0392379743269 |      1.48048629804 |
|  5451 |   516 | 2.6162 |  1.4221 | 2.1068 |  21.177 |             99.0 |               99.0 |
|  4863 |   276 |  2.888 |  0.8978 | 2.3696 |  22.043 |  -0.259377166398 |      1.42045731134 |
|  6058 |   278 | 2.8933 |  1.2003 | 2.5229 | 21.3564 |  0.0179309358728 |     0.497892000434 |
|  6746 |   614 | 2.5548 |  2.8594 | 2.0127 | 21.0368 |             99.0 |               99.0 |
|  4034 |   496 | 2.6288 |   1.325 | 2.2565 | 21.2878 |             99.0 |               99.0 |
|  4863 |   940 | 2.8421 |  1.0176 | 2.2822 |  21.006 |  0.0753087512442 |     0.331374690063 |
|  6746 |   602 | 2.4088 |  1.7713 | 2.0378 | 21.1317 |  0.0614474938331 |     0.489849099215 |
|  7027 |   582 | 3.9929 |  1.2493 | 3.7917 |  21.017 | -0.0165189406099 |     -0.70088342033 |
|  5450 |   882 | 2.4145 |  0.8743 | 2.1331 | 21.0966 |             99.0 |               99.0 |
|  6797 |   736 | 2.8954 |  1.3004 | 2.3713 | 21.6722 | -0.0342274528398 |     0.986884198623 |
|  4862 |   270 |  2.238 | 14.5372 | 2.0054 | 21.3165 |             99.0 |               99.0 |
|  3858 |    94 |  2.278 |  4.5409 | 2.0265 | 21.3458 |             99.0 |               99.0 |
|  3866 |   750 | 4.2382 |   4.486 | 3.6522 | 21.8229 | -0.0249830618609 |     0.764594376117 |
|  6014 |   395 | 2.4446 |  2.9212 | 2.0531 | 21.5217 |             99.0 |               99.0 |
|  4713 |   868 |  3.952 |  1.2443 | 3.8515 | 21.8864 |   0.170008774997 |      1.37874917936 |
|  5897 |    31 | 3.0974 |  0.8165 | 2.5999 | 21.4632 |  -0.340898046293 |     0.698688861404 |
|  5463 |    52 | 2.5241 |  0.7736 | 2.3351 | 21.9619 |             99.0 |               99.0 |
|  6057 |   416 | 2.9543 |  0.7009 | 2.6452 | 21.6051 |   0.220801137773 |      1.05056344075 |
|  5899 |   533 | 2.6387 |  1.4468 | 2.0704 | 21.0465 |             99.0 |               99.0 |
|  5467 |   230 | 2.7855 |  0.7786 | 2.5123 | 21.1836 |  0.0910545396777 |     0.454423833045 |
|  4026 |   864 | 2.9166 |  4.6442 | 2.6046 |  21.556 |  0.0163371040764 |     0.980685410044 |
|  5172 |   356 |  3.393 |   1.154 | 2.9592 | 21.2094 | -0.0171466178887 | -0.000518443495338 |
|  6806 |   212 | 2.5933 |  1.0509 | 2.3182 |  21.391 |             99.0 |               99.0 |
|  4718 |    92 |  2.413 |  0.8964 | 2.0293 | 21.5777 |             99.0 |               99.0 |
|  6046 |   234 | 3.1841 |  1.1223 | 3.0518 | 21.1642 |   0.547637059631 |     0.227833007893 |
|  5905 |   774 |    2.5 |  1.0345 | 2.3595 | 21.4672 | -0.0179139369905 |     0.779548464496 |
|  6046 |     4 |  3.779 |  1.7838 | 3.4478 | 21.4584 |    0.68869670588 |      0.65286171888 |
|  6982 |   728 |  2.783 |  4.9728 | 2.3589 | 21.8229 | -0.0169587246385 |     0.478999506596 |
|  4777 |   692 | 2.6538 |  0.7504 | 2.0836 | 21.9238 |             99.0 |               99.0 |
|  6789 |   778 | 2.1765 |  1.1444 | 2.0524 | 21.4554 |             99.0 |               99.0 |
|  6789 |   216 |  2.655 |  2.6311 | 2.1016 | 21.2708 |             99.0 |               99.0 |
|  5901 |   920 |  3.894 |  1.8002 |   3.65 | 21.8652 | -0.0282590985064 |     0.869223197964 |
|  3956 |   564 |   3.69 |  3.6637 | 3.3467 | 21.1132 |  -0.529532570054 |     0.355672698247 |
|  6054 |   174 | 3.7865 |  0.8123 | 3.1591 | 21.9821 |  0.0449102360735 |      1.13387875805 |
|  6048 |   548 | 4.1263 |  2.0192 |  3.626 | 22.3902 |  -0.330604755505 |      1.91992038291 |
|  4720 |   434 |  3.647 |  0.8135 | 3.3926 | 21.5285 |  0.0155211084474 |     0.684826629835 |
|  4717 |   140 |  3.172 |  1.0138 | 3.1555 | 21.9583 |  0.0166063787099 |     0.770953891119 |
|  5488 |   255 | 3.2402 |  0.7613 | 2.7982 | 21.7429 | -0.0299086124318 |       0.9042275888 |
|  6734 |   264 | 2.3803 |  2.7019 | 2.0757 | 21.8715 | -0.0287480615628 |      1.09050700097 |
|  3851 |   404 |  3.101 |   4.697 | 2.5418 | 21.5042 |   0.438067488748 |       1.0265941871 |
|  6714 |   516 |   3.01 |  2.2569 | 2.4706 | 21.6722 | -0.0214799204348 |     0.725755307582 |
|  5493 |   428 | 2.4636 |  2.5249 | 2.0492 | 21.4632 |             99.0 |               99.0 |
|  6714 |   426 | 2.8429 |   0.838 | 2.6671 | 21.0663 |   0.207830963301 |     0.533012645087 |
|  5490 |    42 | 2.8396 |  1.4562 | 2.2419 | 21.0306 |   0.309762397896 |     0.157980467743 |
|  5164 |   990 |   4.58 |  1.3547 | 3.9076 | 21.8347 | -0.0433016407876 |      1.04177534108 |
|  6735 |   848 |   2.94 |   1.131 | 2.6065 | 22.4722 | -0.0300054063551 |      1.44165783607 |
|  4891 |   830 |  5.044 |  4.5454 | 4.1001 | 21.0465 |  0.0664351151011 |   -0.0861024391397 |
|  5165 |    54 | 2.7107 |  7.3058 | 2.1473 | 21.5831 |   0.027086535537 |      1.09287416067 |
|  4974 |   330 |  3.069 |   1.748 | 3.0587 | 21.5269 |  0.0158813087125 |     0.577453182869 |
|  4885 |   996 | 2.9552 |  2.1291 | 2.6577 | 21.7698 |  0.0153284065577 |     0.411548903243 |
|  3952 |   406 | 2.6107 |  1.5992 | 2.2012 | 21.9093 |  0.0368519626908 |     0.999913319704 |
|  4723 |   950 |  3.725 |  1.3006 | 3.3108 | 22.2515 |    0.57413401797 |      1.77774661824 |
|  4971 |   384 | 3.0349 |  0.7944 | 2.5639 | 21.6343 |   0.235126012135 |     0.361321014696 |
|  3943 |   713 |  2.564 |  9.8228 | 2.3558 | 21.7584 | -0.0512947148743 |      1.12695290341 |
|  5206 |   974 |  2.405 |  1.0473 | 2.1869 | 21.1374 |             99.0 |               99.0 |
|  3937 |   278 | 4.2546 |  2.1529 | 3.8272 | 21.6528 |    0.22268174502 |      1.19837199023 |
|  3937 |   878 |  2.468 |  4.5582 | 2.4154 | 21.9104 |   0.016922816379 |     0.691492830973 |
|  4726 |   256 |  4.384 |  1.7197 | 3.9108 |    21.3 |   -0.20936955542 |     0.714006011331 |
|  6792 |   736 | 2.9096 |  6.9863 | 2.5623 | 21.4699 | -0.0160620734862 |     0.569593690474 |
|  4966 |   276 |  4.785 |   1.048 | 4.6477 | 21.2754 |  0.0193073717323 |      0.13535022793 |
|  6730 |   936 |  2.698 |  1.7469 | 2.6323 | 21.8337 |             99.0 |               99.0 |
|  3940 |   808 |  2.193 |  3.2997 | 2.0725 | 21.9261 | -0.0283745273954 |      1.26001997842 |
|  4965 |   803 |   4.61 |  2.3877 | 4.1559 | 21.3676 | -0.0199812623646 |     0.480091270848 |
|  3922 |   998 | 2.5707 |  3.4892 | 2.3498 | 21.4033 |             99.0 |               99.0 |
|  3928 |   439 |  3.781 | 12.6255 |  3.491 | 22.4707 |  -0.099757517588 |      1.50982540119 |
|  4072 |   162 |  3.786 |  5.4906 | 3.3509 | 22.3474 |   0.043805664289 |      1.03704607426 |
|  6976 |   712 | 3.6746 |   1.629 | 2.9445 | 21.0465 |  0.0272233355629 |   -0.0104104904624 |
|  4895 |  1000 |  3.265 |  0.7629 | 2.6092 | 21.7287 |   -0.18294031023 |      1.27198459898 |
|  5006 |   490 | 3.4034 |  3.1671 | 3.2639 | 21.0424 |             99.0 |               99.0 |
|  6309 |   782 | 3.2437 |  0.8265 | 2.6696 | 21.1986 | -0.0379258332339 |     0.449198927027 |
|  4067 |   840 | 2.9032 |  3.1537 | 2.7225 |  21.377 |   0.341973630025 |      1.05060518973 |
|  4056 |   352 |  2.436 |  3.4716 | 2.0104 | 22.4543 |             99.0 |               99.0 |
|  5190 |   652 |  2.465 |  2.5296 | 2.0611 | 21.7671 |             99.0 |               99.0 |
|  6788 |   606 | 4.0725 |  1.1253 | 3.5152 | 21.0871 |  -0.325234570031 |     0.536183893512 |
|  4056 |    77 |  2.216 |  1.6356 | 2.0156 | 21.8229 | -0.0314837406662 |       1.1458661711 |
|  4068 |   678 | 2.5375 |  4.2424 | 2.0261 | 21.0876 |             99.0 |               99.0 |
|  5202 |   564 |  2.386 |   1.254 | 2.1415 | 21.8437 |             99.0 |               99.0 |
|  4068 |   276 | 2.5105 |  3.6958 | 2.1506 | 21.5057 |             99.0 |               99.0 |
|  5188 |   844 |  2.392 |  1.9273 | 2.0548 | 21.3517 |             99.0 |               99.0 |
|  5201 |   764 | 2.5274 |  1.3822 | 2.3919 | 21.9513 | -0.0199057390678 |      0.62297204466 |
|  6038 |   112 |  3.231 |  0.7365 | 2.7522 | 21.4664 | -0.0199101230443 |     0.164637313618 |
|  6027 |   826 |   3.89 |  2.3606 | 3.6259 | 21.7312 |   0.015014692798 |     0.240970924606 |
|  4983 |   492 |  2.517 |    -1.0 |  2.327 | 22.7626 |             99.0 |               99.0 |
|  4983 |   272 | 2.6552 |  4.7266 | 2.2473 | 22.4977 |  -0.256057218267 |      1.84731897656 |
|  4174 |   293 |  3.183 |  2.8156 | 2.6212 | 21.7566 |   0.149963218662 |      1.08992852971 |
|  6063 |   992 | 3.8135 |  1.7304 | 3.5307 | 21.0201 |  0.0206187215178 |     0.390968735159 |
|  4997 |   872 |  2.721 |  6.8433 | 2.5451 |  21.627 |  0.0239518272074 |      0.79977519662 |
|  4993 |    28 |  2.327 |  5.1264 |  2.002 | 21.0639 |             99.0 |               99.0 |
|  6064 |   180 |   4.05 |  1.1178 | 3.8544 | 21.0298 |   0.045072488602 |     0.420294730518 |
|  5003 |   716 | 2.9432 | 30.3313 | 2.6373 | 22.0924 |    0.12424961549 |      1.62202717199 |
|  4194 |   508 |   4.35 |   9.889 | 3.5161 | 21.6204 |             99.0 |               99.0 |
|  4194 |   342 | 2.6539 | 10.9351 | 2.3327 | 22.2515 |   0.113971946488 |      1.59582132574 |
|  4088 |   388 |  2.715 |  0.9179 | 2.3491 | 21.7514 |  -0.235860881268 |      1.18692553765 |
|  5144 |   113 |  3.349 |  0.8355 | 2.8157 | 21.7671 | -0.0291926151577 |     0.874220017841 |
|  4385 |   886 | 2.3556 |  2.1253 | 2.1748 | 21.0121 |             99.0 |               99.0 |
|  5020 |    78 | 2.9313 |  1.2429 | 2.5207 | 21.4744 | -0.0183294999362 |     0.672391498677 |
|  4198 |   278 | 3.0011 |  5.0494 | 2.7773 | 22.3873 | -0.0942441028661 |      1.26824420902 |
|  5065 |   812 |  3.414 |  5.2425 | 3.2517 | 21.5238 |  0.0154224515339 |     0.459016017434 |
|  5036 |   296 | 2.5012 |  2.5279 | 2.0808 | 21.5332 | -0.0157944801786 |      0.44031878664 |
|  5946 |   981 | 2.7278 |  2.8991 |  2.249 |  21.214 |  0.0183917628756 |     0.878280538937 |
|  4204 |   710 |  4.878 |  3.9962 | 4.1508 | 21.2115 |  -0.325461772058 |     0.637271535133 |
|  5059 |   645 | 2.6926 |  0.9317 | 2.4217 | 21.8377 |  0.0279153643927 |     0.815820546227 |
|  4364 |   456 | 2.3167 |  11.733 | 2.0522 | 21.0707 |             99.0 |               99.0 |
|  5059 |   906 |  2.556 |  1.0193 | 2.4272 | 22.0779 | -0.0280890265759 |      1.03650918402 |
|  6588 |   390 | 3.0875 |  0.8661 | 2.4491 | 21.0465 |   0.022335383446 |     0.333350771849 |
|  4364 |     4 | 2.7857 |  0.9898 | 2.2104 |  21.015 |   0.202354418975 |     0.401427418799 |
|  6162 |   492 | 3.7507 |  1.0259 | 3.5209 | 21.3597 |   0.038771574934 |     0.423842931777 |
|  6162 |   479 |  3.935 |  0.8322 | 3.6111 | 22.5806 |   0.137219180935 |      1.92302366116 |
|  6292 |   874 | 2.5571 |  4.0499 | 2.2923 |  21.625 | -0.0181297520863 |     0.943042450334 |
|  4208 |   954 | 2.9936 | 20.2233 | 2.7469 | 21.8056 | -0.0286844481592 |     0.915591961916 |
|  4208 |   974 | 2.3838 | 14.8944 | 2.2263 | 21.9906 | -0.0252039931684 |     0.730732459621 |
|  6114 |   266 |  3.091 |  1.9315 | 3.0796 | 22.1573 |  0.0153139960629 |     0.525540224332 |
|  4360 |   972 | 2.8887 |  1.1502 | 2.2826 | 21.6204 |  0.0690557198911 |      1.30837106695 |
|  4286 |   142 |  2.298 | 37.6224 | 2.0921 | 21.8437 | -0.0209376777184 |     0.936961818203 |
|  6124 |   444 | 2.3397 |  0.8928 |  2.114 |  21.401 |             99.0 |               99.0 |
|  4210 |   906 | 2.9692 |   1.696 | 2.3656 | 21.9607 |  -0.204532542009 |      1.32861980338 |
|  6169 |   118 |   3.81 |  0.7861 | 3.3331 | 21.0891 | -0.0268771788654 |     0.351402613308 |
|  6130 |    66 | 3.0222 |    0.81 | 2.7511 | 21.7412 |  -0.158968142722 |      0.85274029802 |
|  6148 |   816 |  2.329 |  4.5643 | 2.0177 | 21.6722 |             99.0 |               99.0 |
|  6143 |   642 | 2.2711 |  1.2372 | 2.0422 | 21.0347 |  -0.183205385058 |     0.417038396269 |
|  4212 |   680 |   4.81 |  7.9003 | 4.3972 | 22.4947 |   0.544489213458 |      1.99859252934 |
|  4212 |   908 | 2.7417 |  1.1315 | 2.4119 | 21.2634 |             99.0 |               99.0 |
|  6499 |   560 | 2.5513 |    -1.0 | 2.1527 | 21.2574 | -0.0196733266686 |     0.610004757604 |
|  6165 |   922 | 2.6689 |  0.7854 | 2.4053 | 21.6923 |             99.0 |               99.0 |
|  4282 |    94 | 3.8194 |  1.8798 | 3.5083 |  21.083 |  -0.235040638547 |     0.138847328193 |
|  4279 |   532 |  2.535 |  6.1199 | 2.2641 | 21.2101 |  0.0394364737269 |     0.335845538338 |
|  6520 |   878 | 2.7674 |  2.3972 | 2.5303 | 21.2255 |  0.0164414834515 |     0.790057579234 |
|  6177 |   426 | 2.7858 |  4.1581 | 2.2655 | 22.0115 | -0.0517974686156 |      1.43975266955 |
