|                  QSO | Plate | Fiber |  zem |  zabs | Flag | logN_HI_ |
| J080045.56+093900.48 |  2419 |   436 | 2.86 | 2.609 |    1 |    21.29 |
| J083552.62+163344.02 |  2278 |   290 | 4.25 |  3.67 |    0 |    21.56 |
| J085257.12+243103.17 |  2085 |   449 | 3.62 |  2.79 |    2 |     21.3 |
| J094118.18+140827.85 |  2580 |   612 | 3.53 | 2.255 |    0 |    21.12 |
| J102715.99+351918.83 |  1958 |   515 | 3.14 | 2.776 |    0 |    21.47 |
| J103035.66+445033.47 |  1431 |   358 | 2.86 | 2.749 |    2 |    21.37 |
| J113243.73+093152.31 |  1223 |    26 | 4.02 | 3.887 |    0 |    21.42 |
| J114317.14+142431.04 |  1761 |   262 | 3.77 | 3.536 |    1 |    20.83 |
| J120800.98+635010.09 |   599 |   249 | 3.99 | 3.853 |    0 |     21.0 |
| J121752.46+085319.31 |  1230 |   127 | 3.54 | 3.401 |    0 |    21.14 |
| J125431.89+210315.94 |  2615 |   443 | 3.28 | 3.227 |    2 |    20.94 |
| J133042.52-011927.55 |   910 |   526 | 3.44 |  2.88 |    0 |    21.19 |
| J140243.97+590959.07 |   787 |    48 | 4.14 | 3.806 |    0 |    21.31 |
| J145403.78+402603.22 |  1397 |    63 | 3.33 | 2.817 |    2 |    20.85 |
| J155442.53+045520.62 |  1822 |   235 | 4.02 | 3.587 |    0 |    20.89 |
| J205509.49-071748.62 |   636 |   135 | 4.01 | 3.553 |    2 |    21.36 |
| J211805.16+010758.03 |   986 |   625 | 3.87 | 3.309 |    0 |    20.87 |
