| PLATE | FIBER |          zabs |           NHI |
|   271 |   500 | 3.71394271516 | 20.4260203219 |
|   271 |   554 | 4.17707313982 | 20.5477277506 |
|   277 |   363 | 3.23627651951 | 20.4857127169 |
|   277 |   363 | 3.54866863946 |  20.786519367 |
|   277 |   363 | 3.65033565249 |  20.553638777 |
|   278 |   208 | 2.93989184974 | 20.7278620294 |
|   278 |   215 | 3.84600993962 | 20.3411425464 |
|   278 |   215 | 4.02208779384 | 20.4833563879 |
|   278 |   215 | 4.42480711007 | 20.6272111671 |
|   280 |   447 | 3.65354910031 | 20.4689832413 |
|   283 |   240 | 2.29825553997 | 20.4844307474 |
|   286 |   598 | 2.65918444059 | 20.3598256926 |
|   287 |    58 | 3.78062084252 | 20.4648792465 |
|   291 |   252 | 3.87735425387 | 20.3590520551 |
|   295 |   392 |  2.6676197319 | 20.3905224688 |
|   300 |    59 | 3.45332407547 | 20.8035014287 |
|   301 |   304 | 3.75318043242 |  20.652735994 |
|   307 |   601 | 4.47626304325 | 20.3621589678 |
|   332 |   155 | 3.70526730458 | 20.5493454016 |
|   332 |   552 | 3.07647046947 | 20.7913196751 |
|   334 |   504 | 2.70070358285 |  20.554720572 |
|   335 |   265 | 2.31119151558 | 20.6774280604 |
|   339 |   277 |  3.0512057516 | 20.5782987851 |
|   339 |   334 | 2.52439276131 | 20.7879668278 |
|   343 |   145 | 2.70155579945 | 20.5389630184 |
|   350 |   371 | 3.55600613882 | 20.4344702277 |
|   354 |   280 | 4.05108062308 | 20.3066725983 |
|   354 |   280 | 4.31721597144 | 20.7104397073 |
|   354 |   531 | 2.32035332753 | 20.4081797422 |
|   355 |    55 | 2.73064823062 | 20.3026048674 |
|   355 |    55 | 3.06335063931 | 20.6245333385 |
|   358 |   193 | 3.27744368565 | 20.7986795273 |
|   359 |   441 | 2.14111835487 | 20.6945628291 |
|   364 |   220 | 2.25000703143 | 20.7145633213 |
|   366 |   398 | 2.21428440046 | 20.7587955359 |
|   377 |   321 | 2.81666726975 | 20.6558081899 |
|   385 |   492 | 3.35195404353 | 20.6286446325 |
|   393 |   315 | 2.16143531708 | 20.6048603039 |
|   401 |   500 | 3.34694655437 |  20.512299436 |
|   405 |   263 | 3.69120380179 | 20.3869587296 |
|   430 |    50 | 3.04468123897 | 20.4985292685 |
|   433 |    97 | 2.27102829283 | 20.7567532648 |
|   434 |   529 | 2.14328891215 | 20.5341242483 |
|   434 |   537 |  2.9993029232 | 20.6017254276 |
|   437 |   132 | 3.64712442367 | 20.5489830266 |
|   438 |   414 | 2.78952084719 | 20.6184137306 |
|   439 |   104 | 3.43694760835 | 20.4161550369 |
|   442 |   508 | 2.80438359771 | 20.6441238607 |
|   444 |   180 | 3.70743465926 | 20.5735313879 |
|   451 |    79 | 2.74614256075 | 20.5493437002 |
|   451 |    95 | 2.62647176585 | 20.5399827923 |
|   452 |   194 | 2.23507460551 | 20.5495036329 |
|   452 |   607 |   3.763040788 | 20.7126874482 |
|   454 |   610 | 4.88551269191 | 20.4846981346 |
|   456 |   603 | 3.03444965694 | 20.7205717522 |
|   460 |   420 | 3.76523475448 | 20.4777492554 |
|   462 |   180 |  3.7982657838 | 20.3286217033 |
|   464 |   451 | 2.14546096933 | 20.4550129761 |
|   467 |   258 |   3.763040788 | 20.7775150827 |
|   469 |    90 | 2.53170402717 |  20.327285387 |
|   469 |   584 | 3.42572373415 | 20.8037139699 |
|   470 |   185 | 3.56545746118 | 20.4733135607 |
|   472 |   610 | 3.16278806348 | 20.6345753563 |
|   474 |   162 | 2.38909935312 | 20.4581383125 |
|   474 |   162 | 2.62981340843 | 20.6028040412 |
|   474 |   632 |  2.3844203722 | 20.8004072063 |
|   475 |    90 | 3.24701994536 | 20.5864287445 |
|   476 |   253 | 2.86619985835 | 20.7622663613 |
|   476 |   253 | 3.58758686466 | 20.5769975117 |
|   484 |   163 | 3.24115652171 | 20.3508463977 |
|   487 |    30 | 3.25681033746 | 20.5214407457 |
|   487 |   596 | 3.12747356632 | 20.6706015465 |
|   487 |   596 | 3.84824212361 | 20.5197139151 |
|   488 |    63 | 4.54350317471 | 20.5607008778 |
|   489 |   165 | 3.15512698277 | 20.5908771584 |
|   489 |   165 | 3.86613665037 | 20.3310722236 |
|   489 |   512 | 3.42266760817 | 20.6455078346 |
|   492 |   519 | 3.39019995111 | 20.6386086451 |
|   495 |   537 | 4.24305363658 | 20.3441381692 |
|   497 |   196 | 3.03352079752 | 20.8743745662 |
|   499 |    69 | 3.12462339312 | 20.8239775967 |
|   504 |   588 | 2.43150234949 | 20.8538330744 |
|   506 |   134 | 2.88762441204 |  20.470264637 |
|   507 |   147 | 2.93083034994 | 20.6303863682 |
|   511 |   264 |  3.4564013855 | 20.4203136989 |
|   513 |    93 | 3.14652511868 | 20.5094829586 |
|   513 |    93 | 3.46050777363 | 20.9167317094 |
|   517 |   196 |  2.7539138411 | 20.6231968673 |
|   523 |   120 | 3.33894655344 | 20.7888301213 |
|   524 |   557 | 4.26846744239 | 20.8301600748 |
|   527 |   478 | 2.15925222902 | 20.3849411513 |
|   527 |   478 | 2.52033748904 |  20.652398482 |
|   528 |   333 | 3.38312948449 | 20.7164383084 |
|   531 |   331 | 2.90377070415 | 20.4345081217 |
|   532 |   171 | 2.67692101345 |  20.524386527 |
|   541 |   565 | 3.46873190498 | 20.3454652522 |
|   543 |   154 | 2.50254965231 | 20.6593452996 |
|   544 |    46 |  3.2617139937 | 20.6912708016 |
|   550 |   460 | 2.96811546252 | 20.5051270593 |
|   559 |     1 | 2.27102829283 | 21.0339701627 |
|   560 |    58 | 3.79716106946 | 20.3518722099 |
|   565 |   437 | 2.37741401013 | 20.6983265167 |
|   566 |   587 | 3.66212915464 | 20.4126185478 |
|   568 |   234 | 2.22392032751 | 20.3922520319 |
|   573 |   329 | 2.36576895727 | 20.4904350734 |
|   574 |     8 | 2.16872317815 |  20.331339111 |
|   575 |     1 | 3.39019995111 | 20.4965551451 |
|   578 |   129 | 2.54229152913 | 20.4867208994 |
|   578 |   282 | 2.54800563228 | 20.6074983151 |
|   578 |   308 | 3.01498845285 | 20.4705376176 |
|   578 |   308 | 3.49867169802 | 20.3049028444 |
|   583 |    91 | 4.16992568738 | 20.6290982414 |
|   585 |   410 | 3.24604214546 | 20.5300601703 |
|   586 |   490 | 2.83781733851 | 20.4287957429 |
|   590 |   227 | 3.27547430354 | 20.5555998713 |
|   590 |   361 | 3.33894655344 | 20.8140072286 |
|   591 |   180 | 2.24402580783 | 20.9167634365 |
|   591 |   180 | 2.47523598499 | 20.6392987015 |
|   591 |   567 | 2.72549770829 | 20.6332162139 |
|   592 |   575 | 3.52568477063 | 20.9301657597 |
|   597 |    27 | 2.14690984122 | 20.6363198054 |
|   597 |   215 | 2.20615342237 | 20.8824275182 |
|   597 |   561 | 2.29673698685 | 20.8591302446 |
|   599 |   541 | 3.43899136879 | 20.9054108256 |
|   606 |    93 | 4.11781167363 | 20.7402968339 |
|   607 |   558 | 3.18296567272 | 20.7614284878 |
|   608 |   129 | 2.20836891981 | 20.3545443378 |
|   608 |   131 | 2.80000615957 | 20.5572346308 |
|   608 |   537 | 3.55076386118 | 20.5212972338 |
|   610 |   406 |  2.8599732998 | 20.3216666587 |
|   610 |   526 | 2.49690875653 |  20.827511659 |
|   612 |   344 | 3.48419304325 | 20.4957671414 |
|   615 |    94 | 4.77942058647 | 20.3588232216 |
|   621 |   277 | 4.32334116782 |  20.313864551 |
|   622 |   140 |  3.4966004601 | 20.7419997281 |
|   622 |   140 |  3.9429281835 | 20.5990880116 |
|   623 |   191 | 3.53820699189 | 20.5070504052 |
|   624 |   304 | 4.60511207221 | 20.8412216358 |
|   625 |   438 |  2.9326409811 | 20.6880344894 |
|   627 |    87 | 2.46644489369 | 20.4882345442 |
|   627 |   585 | 2.25599928299 | 20.6487105168 |
|   629 |    14 | 2.72121103862 | 20.5245639583 |
|   634 |   624 |  3.3922221785 | 20.3610525963 |
|   637 |   370 | 3.09151644037 | 20.8931657987 |
|   641 |   435 | 3.73461097613 | 20.5419162228 |
|   650 |   111 | 3.27055481427 | 20.9793836059 |
|   654 |   298 | 2.63148538423 | 20.6590212213 |
|   655 |   562 | 3.60451933086 | 20.4042725194 |
|   656 |   591 | 3.28335727651 | 20.8208205017 |
|   661 |    89 | 4.18065057071 | 20.4422570324 |
|   662 |   163 | 2.13750408965 | 20.5979777117 |
|   663 |   536 | 3.69444549008 | 20.6705980325 |
|   664 |   161 | 3.67825941822 | 20.4067558931 |
|   664 |   198 | 2.30738155907 | 20.3457220645 |
|   673 |   171 | 3.66320277315 | 20.3511020174 |
|   673 |   413 | 3.64498483648 | 20.4942553303 |
|   673 |   576 | 3.06054474536 | 20.6176945278 |
|   674 |   461 | 3.47387968544 | 20.4260268961 |
|   674 |   502 | 2.20246432586 | 20.4206582923 |
|   675 |   570 | 2.77645488298 | 21.0034847998 |
|   677 |   353 | 3.01498845285 | 20.5204548491 |
|   677 |   441 | 2.90736786614 | 20.5085474256 |
|   677 |   441 | 3.43184232304 | 20.4452255727 |
|   678 |   401 | 2.87957632663 | 20.5568868214 |
|   678 |   401 | 3.34794759105 | 20.7487486746 |
|   678 |   401 | 3.58970001301 | 20.4884503536 |
|   679 |   287 | 2.46804161819 | 20.4812303459 |
|   679 |   307 | 3.73461097613 | 21.0109883783 |
|   679 |   618 | 2.57671470788 | 21.0176069162 |
|   679 |   618 | 2.88404542607 | 21.3412938498 |
|   680 |   606 | 2.88315119451 |   20.33947752 |
|   681 |   403 | 3.01961354103 |  20.434394441 |
|   683 |   482 | 3.08774974936 | 20.6364208059 |
|   684 |   197 | 2.54718876784 | 20.6000917019 |
|   684 |   197 | 3.21584175172 | 20.7553187275 |
|   684 |   283 | 2.35493646936 | 20.5036096197 |
|   686 |   561 | 3.01868809736 | 21.1264853108 |
|   689 |   251 | 3.08304626161 | 20.4238120971 |
|   689 |   416 | 3.06803143858 | 20.7508639785 |
|   689 |   416 | 3.20517719544 | 20.4975613593 |
|   690 |   350 | 2.78428904549 | 20.7179407174 |
|   690 |   590 | 2.86887145723 | 20.4225656639 |
|   691 |   260 | 2.96811546252 | 20.4465264456 |
|   691 |   475 | 2.34413884505 |  20.608512895 |
|   691 |   575 | 2.55291077078 | 20.6779050636 |
|   693 |   420 | 2.56110107597 | 20.4962617192 |
|   695 |   196 |   2.740970647 | 20.6788504422 |
|   695 |   610 | 2.87600474981 | 20.3232111322 |
|   696 |    72 | 2.88404542607 | 20.9912221864 |
|   696 |   132 | 2.86709018626 | 20.4177434608 |
|   697 |   299 | 3.72589752825 | 21.0283859203 |
|   697 |   442 | 3.71502826556 | 20.3536802072 |
|   697 |   565 | 2.90197336519 | 20.5757960814 |
|   698 |   185 | 2.44258205489 | 20.4130868134 |
|   699 |   215 | 2.37974785107 | 20.9822152158 |
|   701 |    62 |  3.5111191762 | 20.4161845366 |
|   701 |   504 | 3.06896824529 | 20.3315868401 |
|   703 |   130 | 2.48324723131 | 20.7835880279 |
|   704 |   221 | 2.47363594813 | 20.5637057728 |
|   705 |    70 |  2.7539138411 | 20.3044700669 |
|   705 |   112 | 3.38918918659 | 21.1359198226 |
|   705 |   112 | 3.60982353241 | 20.7801512359 |
|   706 |    67 | 3.13032570903 | 20.4946608755 |
|   706 |   133 | 2.29825553997 |  20.695533472 |
|   706 |   146 | 2.98551364721 | 20.6018651984 |
|   706 |   416 | 2.34567923256 |  20.439746399 |
|   707 |   422 | 3.63857198364 | 20.8030273381 |
|   708 |     7 | 2.26200258287 |  20.645935519 |
|   708 |   251 | 2.45131262875 | 21.1059128881 |
|   708 |   621 | 2.18701641669 | 20.4264772585 |
|   709 |    75 | 2.54147598026 | 20.4124482852 |
|   709 |    78 | 2.39534805834 | 20.7463013358 |
|   710 |   638 | 3.23627651951 | 20.8140400103 |
|   711 |   550 | 2.32341289472 | 20.6153195302 |
|   713 |   229 | 3.18296567272 | 20.5714580584 |
|   718 |   106 | 2.86798071921 | 20.6952328829 |
|   720 |   362 | 3.18392894705 | 20.3852659622 |
|   720 |   495 | 2.96263709361 | 20.9936187996 |
|   723 |   481 | 3.23725207054 | 20.4159764055 |
|   723 |   481 | 3.86837810519 | 20.3827998019 |
|   729 |   404 | 3.58547468921 | 20.8494370501 |
|   733 |    79 | 2.39378480276 | 20.4888435283 |
|   738 |   495 | 4.08960760365 | 20.6122278594 |
|   738 |   596 | 2.16726426315 | 20.3914790706 |
|   739 |   521 | 2.89658631187 | 21.2147634797 |
|   740 |   137 | 2.76430063164 | 20.3550593823 |
|   740 |   521 |  3.0802267671 | 20.6093980666 |
|   741 |   502 | 2.65413258097 | 20.4648725988 |
|   741 |   602 | 2.19657059855 | 20.6717454947 |
|   748 |   626 | 2.66171298889 | 20.6064736421 |
|   750 |   414 | 3.10567247004 | 20.4421926346 |
|   753 |    69 | 3.38817865478 | 20.7763835072 |
|   753 |    69 | 3.80379317264 | 20.3063299903 |
|   753 |   411 |  2.7816758539 | 20.4002294533 |
|   757 |    68 | 2.12884681146 | 20.4541629013 |
|   757 |    86 | 2.87600474981 | 20.8495693044 |
|   758 |    71 | 3.24604214546 | 20.3919281805 |
|   759 |   134 |  3.3660057223 | 21.0094077233 |
|   759 |   448 | 2.64992802617 | 20.8858371657 |
|   759 |   448 | 3.04002730714 | 20.9741419011 |
|   760 |   121 | 2.97909493245 | 20.5621825318 |
|   762 |   279 | 3.91908469991 | 20.4907882884 |
|   763 |    40 | 2.44178946233 | 20.4879418004 |
|   764 |   304 | 2.18628266352 | 20.6783293112 |
|   764 |   435 | 2.98184454343 | 20.7972518395 |
|   767 |   623 | 2.29294366216 | 20.6526275673 |
|   770 |   117 | 3.87398626031 | 20.6404978835 |
|   772 |   226 | 2.24253222268 | 20.3450046447 |
|   772 |   227 |  3.3982944513 | 20.5107991734 |
|   773 |    43 | 2.78516051057 | 20.7530521618 |
|   774 |   230 | 2.25000703143 | 21.0486545017 |
|   776 |   250 | 2.87332822513 | 20.4621082576 |
|   781 |   464 | 2.85286951105 | 20.3433136225 |
|   781 |   464 | 3.03444965694 | 20.3742819113 |
|   781 |   536 | 4.13433616928 | 20.5365377451 |
|   783 |   475 | 4.63357785522 |  21.406180714 |
|   785 |   149 | 4.04526869786 | 20.7310491629 |
|   786 |   310 | 2.40474272497 | 20.7951157746 |
|   786 |   310 | 2.80701248067 | 20.7142594972 |
|   787 |   471 | 3.42368608227 | 21.1330549373 |
|   789 |   254 | 2.87065354869 | 20.8383060085 |
|   789 |   344 | 2.55618462996 | 20.7099942174 |
|   791 |   152 | 3.06803143858 | 20.7335603615 |
|   791 |   592 | 3.02053919782 | 20.5090370358 |
|   792 |    67 | 2.37896972495 | 20.7476466495 |
|   792 |   119 |  2.4370377376 | 20.5313280145 |
|   794 |    56 | 2.56684552098 | 20.4721159914 |
|   794 |   132 | 2.97726291339 | 20.7090164459 |
|   795 |     3 | 2.53495834522 | 20.4426137186 |
|   795 |   415 | 2.88225716884 | 20.5059692372 |
|   796 |   608 | 2.16143531708 | 20.3120130448 |
|   812 |   530 | 4.10251512317 | 20.4547726807 |
|   813 |    20 | 2.92540345675 | 20.7226489966 |
|   814 |   289 | 3.98177719881 | 20.5429962653 |
|   816 |   297 | 2.26576026481 | 20.3833727523 |
|   826 |   223 | 2.82282397095 |  20.482952125 |
|   826 |   223 | 2.98918613191 | 20.4355940415 |
|   826 |   305 | 4.55628226931 |  20.475924965 |
|   826 |   428 | 2.89748363733 | 20.3874316205 |
|   826 |   459 | 4.42355814587 | 20.3326035233 |
|   827 |   456 | 2.69729667807 | 20.4052966932 |
|   827 |   551 | 2.73236665327 | 20.5287995351 |
|   830 |   161 | 3.44205877472 | 20.3650443449 |
|   830 |   219 | 2.79913127654 | 20.7647288478 |
|   830 |   233 |  2.7816758539 | 20.8944949124 |
|   831 |   120 | 2.72978931601 | 20.3535707988 |
|   831 |   304 |  2.9535232812 | 20.5438761581 |
|   834 |   144 |  2.2373100879 | 20.4861156213 |
|   834 |   196 | 4.06155896525 | 20.5829778688 |
|   836 |    68 | 3.27252193035 | 20.4752181795 |
|   836 |   471 | 3.26367703749 |  20.378811311 |
|   837 |    31 | 3.82485538255 | 20.3296422661 |
|   837 |   286 | 2.63399479209 | 20.5847020488 |
|   839 |   453 | 2.19436324829 | 20.5590645806 |
|   841 |   410 | 2.80263201766 | 20.7298004009 |
|   843 |    82 | 3.67718233319 | 20.5220807092 |
|   847 |   147 | 3.26662329874 | 20.3327410233 |
|   847 |   370 | 3.20905209095 | 20.3777821057 |
|   848 |   185 | 3.86725724875 | 20.4278237639 |
|   848 |   550 | 3.04561266847 | 20.6789472816 |
|   848 |   639 | 2.93354660941 | 20.5422439379 |
|   849 |   489 |  3.4298018541 | 20.5887184919 |
|   850 |   391 | 3.04654431247 | 20.5479250284 |
|   857 |   129 | 2.56274140129 | 20.6844869874 |
|   857 |   213 | 3.27645888123 | 20.3970711245 |
|   859 |   453 | 2.82722769419 | 20.4271397593 |
|   864 |   223 | 2.55536588246 |  21.089852733 |
|   864 |   261 | 2.17018276516 | 20.3359835228 |
|   872 |   116 | 2.90826767443 | 20.4312951929 |
|   873 |    25 | 3.70310094777 | 20.7138419994 |
|   874 |   141 | 2.66086994538 |  20.505096805 |
|   875 |   393 | 2.84046932467 | 21.2806712557 |
|   876 |    17 | 2.44654775635 | 20.5210541207 |
|   876 |   426 |  3.8137585231 | 21.1044291349 |
|   884 |   330 | 2.95807756424 | 20.5497554558 |
|   884 |   603 | 2.50819964748 | 20.3442023448 |
|   888 |   557 | 3.73243110917 | 20.4533726655 |
|   890 |   439 | 3.68580596166 | 20.5354629994 |
|   893 |    69 | 3.50696619471 | 20.6383124471 |
|   893 |   206 | 3.17719068222 | 20.3001454524 |
|   893 |   522 | 4.27453648264 |  20.604779137 |
|   894 |    83 |  2.8912066959 | 20.5188246568 |
|   894 |   631 | 2.85819612564 | 20.3858247096 |
|   896 |   335 | 4.32947342016 | 20.9467867207 |
|   898 |    79 |  2.7816758539 | 20.3309459789 |
|   901 |   517 |  3.4564013855 | 20.4507050708 |
|   901 |   593 | 2.78952084719 | 20.5596685099 |
|   903 |   324 |  2.5734219485 |  21.092772464 |
|   904 |   552 | 4.32947342016 | 20.4545804562 |
|   909 |   395 | 3.33395403109 | 20.8018886548 |
|   911 |    75 | 2.86709018626 | 20.5260716295 |
|   913 |     3 | 2.82194383453 | 20.9448232442 |
|   913 |     3 | 3.26073281075 | 20.3514895033 |
|   913 |   285 | 3.38413885356 | 20.8986352772 |
|   914 |   205 | 3.84489423305 | 20.6244100858 |
|   917 |    41 | 2.73408586747 | 20.3408764707 |
|   918 |   112 |  2.6206312921 | 20.4639453727 |
|   918 |   563 | 3.02609761673 | 20.6657746799 |
|   918 |   563 | 3.11608467697 | 20.3983849739 |
|   919 |   629 | 2.89389557485 | 21.1844080654 |
|   920 |   117 | 2.62981340843 |  20.738791308 |
|   920 |   439 | 2.94170665483 |  20.886189214 |
|   921 |   147 | 2.70752681327 | 20.7523345931 |
|   921 |   563 | 2.55864200393 | 20.6618617745 |
|   921 |   563 | 3.35997802723 | 20.4671335254 |
|   922 |    71 | 2.98551364721 | 20.5555998713 |
|   922 |    71 | 3.81486705958 | 21.2942520482 |
|   923 |   402 |  4.3924273232 | 21.0486545017 |
|   928 |   494 | 3.22069821397 | 20.4183993703 |
|   928 |   517 | 2.80701248067 | 20.6359175712 |
|   929 |    35 | 2.69985156246 | 20.7877840575 |
|   930 |   309 | 2.21724622956 | 20.9273734359 |
|   930 |   593 | 4.25514012347 | 20.5239438315 |
|   932 |   558 | 2.40631102802 | 20.8336921023 |
|   933 |   413 | 2.57589123369 | 20.4097137786 |
|   934 |   585 | 3.12272437115 | 20.4026266423 |
|   934 |   585 | 3.89535623149 | 20.3807603648 |
|   943 |   275 | 3.31205508903 | 20.6257799785 |
|   949 |   117 | 2.45369753467 | 20.4599468043 |
|   949 |   135 | 2.90826767443 | 20.6321915218 |
|   949 |   479 | 4.37507217954 | 20.7533464021 |
|   950 |   156 | 3.22653335389 | 20.8272248034 |
|   953 |   607 | 2.97177191553 | 20.4551604759 |
|   954 |   134 | 2.69304245736 | 21.2416994917 |
|   955 |   267 | 2.67438196345 | 20.4024438158 |
|   957 |   278 | 2.64740761583 | 20.3071215326 |
|   958 |    27 | 3.31205508903 | 20.3620396041 |
|   958 |   214 | 2.48886608957 | 20.3017193905 |
|   959 |   237 | 2.81842531476 | 20.5393210097 |
|   961 |    93 | 3.50178034391 | 20.5719493208 |
|   961 |   350 | 4.60511207221 | 20.6846827127 |
|   963 |   565 | 2.47123727399 | 20.5213394426 |
|   963 |   565 | 2.82722769419 | 21.0818311368 |
|   967 |   501 | 2.78864837822 | 20.6183808002 |
|   968 |   454 | 2.20541526325 | 20.6505907618 |
|   969 |   487 | 2.96354962958 | 20.3079545249 |
|   971 |   375 | 3.39728182317 | 20.4789737566 |
|   971 |   523 | 2.76603455536 | 20.3899905974 |
|   974 |    62 | 2.53007799179 | 20.4368187855 |
|   975 |   367 | 2.82458485187 | 20.5156558153 |
|   976 |   622 |  2.4776374223 | 20.4774857259 |
|   978 |   228 |  3.9474828858 | 20.6178608855 |
|   978 |   228 | 4.23822682889 | 20.3470128467 |
|   978 |   228 | 4.39863915972 | 20.5131870903 |
|   979 |    19 | 3.96460043024 | 20.5803193181 |
|   980 |   507 |   2.129568006 | 20.3111536027 |
|   983 |    13 |  3.1743061775 | 20.5979966737 |
|   983 |   100 | 3.04188823693 |  20.430727352 |
|   983 |   100 | 3.73352091717 | 20.3305465024 |
|   983 |   129 | 2.83605036521 |  20.822771046 |
|   983 |   129 | 3.21681259692 | 20.7508281166 |
|   985 |   397 | 3.12082622351 |  20.425469777 |
|   987 |   127 | 2.75045795042 | 20.4387449609 |
|   989 |   150 | 2.13028803049 |   20.33129596 |
|   991 |   101 |  2.8263465439 |   20.74824511 |
|   996 |   359 | 2.14401276451 | 20.4936320199 |
|   996 |   359 | 2.32188275888 |  20.324856818 |
|  1000 |   334 | 3.06615847217 |   20.45579032 |
|  1000 |   578 | 3.30213763753 | 20.3819008056 |
|  1000 |   578 | 3.38514845506 | 20.5586210797 |
|  1001 |    78 | 2.39300344489 | 20.7222964825 |
|  1001 |   295 | 3.59181413474 | 21.1273402451 |
|  1003 |   259 | 2.29673698685 | 20.9122139284 |
|  1003 |   295 | 2.95443371839 | 20.7066502146 |
|  1004 |    46 | 3.26269540259 | 20.4320541049 |
|  1004 |   398 |   4.118990229 | 20.5121731272 |
|  1005 |   404 |  3.9554637161 |  20.971447796 |
|  1009 |   529 | 2.39222226691 | 20.7894401476 |
|  1010 |    37 | 2.16653505756 | 20.5321322835 |
|  1011 |    51 | 3.19840471006 |  20.685911951 |
|  1011 |   511 | 3.12082622351 | 20.4748898389 |
|  1014 |    34 | 3.45537537929 |   20.54585754 |
|  1014 |   470 | 2.54637209147 | 20.5871024584 |
|  1014 |   591 |  2.1950988623 | 20.6165562139 |
|  1015 |   180 | 3.43490478888 | 20.4874517173 |
|  1019 |     1 | 3.26858860387 | 20.5737557399 |
|  1019 |   213 | 2.67946181796 | 20.3593437599 |
|  1038 |   270 | 3.70851871095 | 20.4115250848 |
|  1039 |   178 | 2.95079322711 | 20.5100820965 |
|  1041 |    70 | 4.32824640483 | 20.4921211106 |
|  1043 |   493 | 2.92721158815 | 20.3582834298 |
|  1046 |   380 | 3.40437511906 | 20.3399742162 |
|  1046 |   620 | 3.46050777363 | 20.3648360888 |
|  1047 |   494 | 2.63148538423 |   20.51909293 |
|  1047 |   494 | 3.11040202218 | 20.3961911607 |
|  1048 |   493 | 2.96263709361 | 20.4814724469 |
|  1048 |   493 | 3.59287156075 | 20.4410964034 |
|  1048 |   603 | 3.49970767473 | 20.8037139699 |
|  1053 |   110 | 2.15053494144 | 20.6351480465 |
|  1054 |    69 | 2.82458485187 | 20.5329333425 |
|  1055 |   289 | 3.92815433968 | 20.5361817217 |
|  1059 |   146 | 3.42266760817 | 20.6364765315 |
|  1059 |   146 | 3.89986709822 | 20.4426929871 |
|  1060 |    61 | 3.67287647229 | 20.3470835009 |
|  1061 |   188 | 4.08843581311 | 21.1473813043 |
|  1061 |   236 | 2.18481566394 | 20.5137615712 |
|  1064 |   428 | 2.25000703143 |  21.031145562 |
|  1064 |   616 |  2.9836786729 | 20.4140726716 |
|  1068 |   297 | 2.17749079118 | 20.3766057915 |
|  1068 |   297 | 2.37974785107 | 20.3720599319 |
|  1075 |   550 | 2.82018416956 | 20.4898542697 |
|  1079 |   515 |  2.2627537732 | 20.5038666823 |
|  1080 |    41 | 2.40082512563 | 20.7143287884 |
|  1089 |   211 | 2.56192114421 | 20.6671559289 |
|  1091 |   546 | 2.42597587619 | 20.5919664249 |
|  1092 |   293 | 3.17142366465 |  20.354253051 |
|  1093 |   422 | 2.23060827072 | 20.6170291703 |
|  1094 |    50 | 4.44859215283 | 20.4564070136 |
|  1103 |   375 | 2.60482594868 | 20.3302509209 |
|  1103 |   381 | 2.88851967371 | 20.9191791193 |
|  1104 |   632 | 3.40437511906 | 20.6054285208 |
|  1104 |   632 | 3.47284965517 | 20.5297166251 |
|  1150 |   510 | 2.62396755293 | 20.3113712219 |
|  1152 |   498 | 2.63566869393 | 21.2545870246 |
|  1152 |   580 | 2.18408241746 | 21.4130891927 |
|  1153 |   440 | 2.45290238297 | 20.6257452476 |
|  1154 |   170 | 2.19215742228 | 20.8496813565 |
|  1154 |   170 |  2.3510761786 | 20.5294357205 |
|  1154 |   170 | 2.64824755917 | 20.4710403565 |
|  1155 |    63 | 2.65160926723 | 20.3679742129 |
|  1162 |   213 | 3.30213763753 | 20.4416477779 |
|  1164 |   373 | 2.43308297865 | 20.7110166118 |
|  1166 |   365 |  2.2254053396 | 20.6441186259 |
|  1168 |   394 | 3.01961354103 | 20.3690990294 |
|  1168 |   591 | 3.33894655344 | 20.6516938246 |
|  1170 |   101 | 3.15417033957 | 20.9554177554 |
|  1173 |   278 | 3.05400519218 |  20.583285209 |
|  1173 |   575 | 2.70496662884 | 20.4863279585 |
|  1173 |   636 | 3.54029739474 | 20.5244997441 |
|  1176 |    26 | 3.34094517233 | 20.3133224996 |
|  1176 |   480 | 2.45131262875 | 21.1407973196 |
|  1176 |   480 | 2.69644544205 | 20.4485076106 |
|  1176 |   599 | 3.70526730458 | 20.3790804147 |
|  1186 |   624 | 3.03723751881 | 20.4330108007 |
|  1187 |   619 |  3.9474828858 | 20.5757412465 |
|  1189 |    19 |   2.297496176 | 20.7742114793 |
|  1190 |   330 | 3.00944537122 | 20.6244083499 |
|  1193 |    49 | 2.54147598026 | 20.4655789829 |
|  1197 |    35 | 2.74355571072 | 20.6754836903 |
|  1197 |   424 | 2.27027519744 | 20.4117198529 |
|  1199 |   328 | 2.80088124406 | 20.4493314967 |
|  1200 |   345 | 2.29142755469 | 20.7665159465 |
|  1201 |    78 |  3.2853302897 | 20.6905095946 |
|  1202 |   546 | 4.71063365645 | 20.4468637267 |
|  1208 |     9 | 2.96446237569 | 20.6204438321 |
|  1208 |     9 | 3.23627651951 | 20.3705071955 |
|  1208 |     9 | 3.34995035603 | 20.4948217657 |
|  1208 |   402 |  2.3750817808 | 20.5728875216 |
|  1208 |   402 | 2.48485169536 | 20.3889807583 |
|  1209 |   250 | 2.54637209147 | 20.9859815253 |
|  1209 |   399 | 2.41337733624 | 20.6329134749 |
|  1209 |   433 | 2.55454732345 | 20.9359208054 |
|  1211 |   492 | 3.03073550218 |  20.520167909 |
|  1211 |   492 | 3.71720011636 | 20.7012295703 |
|  1212 |    43 | 3.07365551579 | 20.4446851998 |
|  1212 |   107 | 3.92701972084 | 20.6277740637 |
|  1212 |   393 | 3.07553193552 | 20.3924994166 |
|  1215 |   394 | 3.82041357236 | 20.4494324278 |
|  1218 |   178 | 4.96601444546 |  20.465869888 |
|  1222 |   328 | 2.94533877322 | 20.7909973053 |
|  1226 |    76 | 3.60345922316 | 20.5993259758 |
|  1229 |   593 | 2.74873119834 | 20.5121663908 |
|  1230 |     4 | 3.29718746863 | 20.6623719287 |
|  1230 |    66 | 3.13222823235 | 20.4193916704 |
|  1230 |   104 |   4.118990229 | 20.7014757206 |
|  1230 |   509 | 2.97177191553 | 20.6318279876 |
|  1230 |   509 | 3.08963266121 | 20.3364012635 |
|  1230 |   587 |  3.4298018541 | 20.6191677403 |
|  1230 |   587 | 3.62257855915 | 20.6647237168 |
|  1232 |   483 |  2.9136708773 | 20.7913740096 |
|  1232 |   628 | 2.88493986355 | 20.5074893545 |
|  1233 |   303 | 2.93717120866 | 20.6847373764 |
|  1233 |   315 | 3.40336109096 |  20.886672865 |
|  1233 |   465 |   2.810520484 | 20.4636546262 |
|  1233 |   488 | 3.18392894705 | 20.3283167136 |
|  1234 |   188 | 2.35261976161 | 20.4229613865 |
|  1236 |   456 | 2.86530973542 | 20.3994970873 |
|  1240 |   256 | 2.94261437083 | 20.3672390834 |
|  1265 |   120 | 2.39222226691 | 20.4951167497 |
|  1266 |   235 |  3.0011450944 | 20.7361696167 |
|  1267 |    51 | 2.53903046007 | 20.5316480076 |
|  1271 |   472 | 2.42676482712 | 20.5125217501 |
|  1271 |   601 | 2.73494577151 | 20.4331623154 |
|  1271 |   619 | 3.17719068222 | 20.6130048668 |
|  1271 |   619 | 3.85382708297 | 20.3458135587 |
|  1272 |   586 | 4.07556390915 | 20.4037009447 |
|  1272 |   586 | 4.50787785481 | 20.8589111597 |
|  1275 |    45 | 2.75996931416 | 20.5047556223 |
|  1275 |    45 | 3.33894655344 | 20.5193899095 |
|  1276 |    38 | 4.20336511021 | 20.3482607571 |
|  1276 |   172 | 3.33595035031 | 20.4778593432 |
|  1277 |   492 | 3.36902269411 | 21.0869174092 |
|  1279 |   213 | 3.02980749787 | 20.4874968757 |
|  1282 |   404 | 2.49610365622 | 20.7235357617 |
|  1282 |   404 | 3.20614558476 | 20.4249751828 |
|  1283 |   350 | 2.99746160016 | 20.3908640814 |
|  1283 |   423 | 3.69120380179 | 21.0363112929 |
|  1283 |   541 | 2.76516749369 | 20.6341071719 |
|  1283 |   547 | 3.01776286676 | 20.7679454753 |
|  1284 |    66 | 3.62470782549 | 20.5398436383 |
|  1285 |    76 | 2.33952193648 |  20.900447606 |
|  1285 |    76 | 2.80350770686 | 20.4271742851 |
|  1285 |   173 | 3.20614558476 | 20.6461066062 |
|  1285 |   558 | 2.78777611012 | 20.3162531889 |
|  1286 |   596 |  2.1403951689 | 20.5283918258 |
|  1287 |   529 | 3.20711419708 | 21.5118551622 |
|  1288 |    50 | 3.87735425387 |  20.592374336 |
|  1288 |    50 | 4.04178475316 | 20.3996357192 |
|  1288 |   282 | 2.92721158815 |  20.400165834 |
|  1289 |    66 | 3.29520899627 | 20.6456143148 |
|  1290 |   359 | 4.04294580067 | 20.4027164267 |
|  1290 |   603 | 2.60067812757 | 20.5848016772 |
|  1293 |   465 | 3.89986709822 | 20.4982809757 |
|  1297 |   517 |  3.9554637161 | 20.3207250294 |
|  1297 |   589 | 3.18682010123 | 21.2507579255 |
|  1298 |   310 | 3.05774078899 | 20.7780512024 |
|  1298 |   455 | 4.39739622022 | 20.6627471367 |
|  1298 |   455 |   4.739635335 |  20.604779137 |
|  1304 |   143 | 3.03166372019 | 20.5808392081 |
|  1305 |   308 |  2.9754317378 | 20.7834036466 |
|  1308 |    26 | 3.24311009626 | 20.8453374109 |
|  1308 |    51 | 2.29521913289 | 20.6080254477 |
|  1308 |   394 | 3.41757875386 | 21.0644115007 |
|  1308 |   394 | 3.69012373655 | 20.5388289927 |
|  1308 |   409 | 3.13032570903 | 20.6457487285 |
|  1314 |    49 |  3.0943437362 | 20.7203706716 |
|  1316 |   231 | 3.27153825907 | 20.4531887997 |
|  1318 |   284 | 3.23335121385 | 20.4053849138 |
|  1318 |   474 | 3.16278806348 | 20.3367502214 |
|  1319 |   535 | 2.87154490222 | 20.9075388907 |
|  1321 |   263 | 2.18481566394 | 20.3440306778 |
|  1322 |   633 |  2.8263465439 | 20.4969961676 |
|  1323 |   169 | 2.60150730981 | 21.0815986684 |
|  1323 |   369 | 3.28631713708 | 20.3472440844 |
|  1323 |   604 | 2.65918444059 | 20.6983601373 |
|  1325 |   444 | 2.29218552115 | 20.5006303793 |
|  1328 |    99 | 3.29520899627 | 20.8668736841 |
|  1328 |    99 | 3.67287647229 |  20.527930036 |
|  1329 |   144 |   3.470790306 | 20.9483487422 |
|  1330 |   540 | 2.43308297865 | 20.5442193397 |
|  1330 |   540 | 3.06990526773 | 20.7243336637 |
|  1333 |   353 | 2.14763452742 | 20.5682843956 |
|  1333 |   516 | 4.32211556433 | 20.8528678317 |
|  1335 |   371 | 3.11987747744 | 20.6097196843 |
|  1336 |   580 |  2.3704221525 | 20.3375779428 |
|  1338 |   281 | 2.17749079118 | 20.5383268643 |
|  1341 |   292 | 3.59075695218 | 20.5731169718 |
|  1341 |   292 | 4.53839977017 | 20.3518689937 |
|  1342 |   599 | 2.54229152913 |  20.588431337 |
|  1343 |   504 | 3.07928736832 | 20.4095861887 |
|  1343 |   504 | 4.08726429234 | 20.4447413815 |
|  1350 |   629 | 3.30610187805 | 20.3537461758 |
|  1352 |    49 | 2.81315360764 |  20.580588691 |
|  1352 |   172 | 2.41573602834 | 20.7232365898 |
|  1355 |   441 | 3.39019995111 | 20.4705958784 |
|  1356 |    47 | 4.10604103342 | 20.7441580088 |
|  1356 |   455 | 4.07205904449 | 20.6398180685 |
|  1357 |    73 | 2.77558542221 | 20.4637725834 |
|  1357 |   371 | 3.34194482698 |  20.331339111 |
|  1358 |   193 | 2.67184466676 | 20.9822246891 |
|  1358 |   543 | 2.70581982716 | 20.4479931937 |
|  1362 |   386 |  4.3098750382 | 20.7245563212 |
|  1362 |   389 | 2.21354436933 | 20.3387790667 |
|  1362 |   558 | 2.50254965231 | 20.3940182963 |
|  1364 |   598 | 2.30129474498 |  20.570775192 |
|  1366 |   449 | 3.20614558476 | 20.8142021015 |
|  1367 |   193 | 3.69768941843 | 20.4109817564 |
|  1368 |    58 | 2.20763025062 | 20.4632924727 |
|  1371 |    56 | 2.99838215568 | 20.4409230851 |
|  1371 |    56 | 3.27645888123 | 20.6058050765 |
|  1371 |    92 | 2.29218552115 | 20.4638656227 |
|  1371 |   277 | 4.36270985657 | 20.7021806103 |
|  1372 |   339 | 2.80263201766 |  20.345426732 |
|  1372 |   426 | 2.63818099251 | 20.3551221587 |
|  1372 |   610 | 2.62146506925 | 20.4328905817 |
|  1373 |   275 | 2.13822660985 |  20.312480193 |
|  1373 |   337 | 2.40395884423 | 20.4130737142 |
|  1373 |   523 | 2.41494961659 | 20.7364250977 |
|  1376 |   188 | 3.27842871686 | 20.7840887918 |
|  1376 |   188 | 3.49246084468 | 20.4052395143 |
|  1376 |   188 | 4.00823040596 | 20.7483293317 |
|  1382 |   184 | 3.85494484664 | 20.4681131554 |
|  1383 |   322 | 2.63232166092 | 21.0426294248 |
|  1383 |   322 | 3.15321391662 |  20.376424358 |
|  1384 |    27 | 3.12462339312 | 20.4943424684 |
|  1387 |   218 | 4.53075347121 | 20.5318190208 |
|  1387 |   565 | 2.42045830334 | 20.3086083744 |
|  1389 |   204 | 2.51709663109 | 20.3134385324 |
|  1395 |   543 | 2.15053494144 | 20.4598239965 |
|  1396 |   611 | 2.72035429676 | 20.6229886284 |
|  1397 |   351 | 2.40788005347 | 20.9020170551 |
|  1400 |   340 | 2.65665763836 | 20.3817888535 |
|  1401 |   237 | 2.30129474498 | 20.3898913889 |
|  1404 |   635 | 2.97268655511 | 20.5540322751 |
|  1406 |   202 | 2.79913127654 | 20.4677422279 |
|  1407 |    79 | 4.07089129418 | 20.7078916879 |
|  1407 |   210 | 3.21584175172 | 20.5843413476 |
|  1408 |   460 | 4.31476786673 | 21.0795844382 |
|  1408 |   460 | 4.48888713334 | 20.9320813822 |
|  1408 |   460 | 5.17851777704 | 20.6917671673 |
|  1409 |   465 | 2.93717120866 | 20.6620773985 |
|  1414 |   513 | 2.34876213652 | 20.5167972228 |
|  1416 |   341 | 2.13894929643 | 20.3293084323 |
|  1417 |   347 | 4.55116710021 | 20.6877080056 |
|  1417 |   523 | 2.40395884423 | 20.8411941376 |
|  1419 |   261 | 3.61513384416 | 20.4459577707 |
|  1421 |   168 | 4.60253141698 | 20.7263843671 |
|  1423 |   624 | 2.95170303561 | 20.4922014977 |
|  1423 |   624 | 3.35997802723 | 20.4257770853 |
|  1424 |   300 | 2.74010935584 | 20.5707033187 |
|  1424 |   300 | 2.90466968407 | 20.4317841042 |
|  1424 |   335 | 3.62045027315 | 20.6515574542 |
|  1424 |   335 | 3.99786246354 | 20.7594980869 |
|  1425 |   129 | 2.49127694547 | 21.0004112009 |
|  1426 |   557 | 3.20905209095 | 20.5276357391 |
|  1427 |   230 | 4.14261841434 | 20.5142333541 |
|  1432 |    76 | 3.38312948449 | 20.3510602166 |
|  1433 |   362 | 3.36902269411 | 20.3059049527 |
|  1433 |   535 | 3.41656168586 | 20.5387255079 |
|  1434 |   346 | 3.58019850418 | 20.7532208091 |
|  1435 |   172 | 4.17945781916 |  20.425890484 |
|  1437 |   154 | 2.86441981742 | 20.4769120332 |
|  1437 |   261 | 3.73788265939 | 20.7409192363 |
|  1438 |   136 | 3.26465889845 | 20.5874737404 |
|  1438 |   469 | 2.84489337458 | 20.4111666748 |
|  1438 |   469 | 3.07084250595 |  20.357640627 |
|  1439 |   418 | 3.34394482695 | 20.4163697346 |
|  1441 |    99 | 3.90551152726 | 20.3895206028 |
|  1443 |    63 | 3.47387968544 | 20.3140394255 |
|  1445 |   119 | 2.61563265885 | 20.4848335069 |
|  1445 |   358 | 4.16635566242 | 20.5014093783 |
|  1445 |   480 | 4.17230707444 | 20.3366445697 |
|  1447 |   515 | 3.06990526773 | 20.4325908759 |
|  1449 |    81 |  2.8140317198 | 20.3509251715 |
|  1450 |   195 | 2.27102829283 | 20.4772338901 |
|  1450 |   549 | 3.03630801754 | 20.3285290856 |
|  1451 |   264 | 3.38111144348 | 21.0693778662 |
|  1451 |   521 | 4.25272059917 | 20.4724823813 |
|  1462 |   634 | 2.96537533199 | 21.2914405391 |
|  1463 |    39 | 3.32100034096 | 20.4114301598 |
|  1463 |   542 | 4.31109782288 | 20.7487988553 |
|  1463 |   542 | 4.64916553134 | 20.5766289861 |
|  1463 |   566 | 3.46050777363 | 20.4237069787 |
|  1464 |   564 | 4.81546304877 |  20.412913253 |
|  1465 |   186 |   2.456879973 | 20.5464066029 |
|  1473 |   410 |    2.69134214 | 20.6696757404 |
|  1474 |     4 | 2.58413451433 | 20.5883780353 |
|  1474 |   375 | 2.36034834834 | 21.1885908198 |
|  1475 |    50 | 3.15130173126 | 20.4374898576 |
|  1475 |   426 | 2.76083517877 | 20.3305912414 |
|  1475 |   454 | 2.99378149697 | 20.3340203674 |
|  1476 |   360 | 2.58578544938 | 20.6954521338 |
|  1485 |   205 | 2.86887145723 |   20.38173369 |
|  1485 |   438 | 3.34894885825 | 20.6302038136 |
|  1486 |   175 | 2.34876213652 | 20.3358554903 |
|  1487 |   260 | 2.44258205489 | 20.6566956642 |
|  1488 |    24 | 2.71949775214 | 20.4131195616 |
|  1489 |   256 | 2.97817881746 | 20.6322437066 |
|  1493 |   555 | 2.52520437617 | 20.7863420885 |
|  1494 |   143 |  2.4776374223 | 21.1075880401 |
|  1495 |    54 | 2.82106390075 | 21.0480987425 |
|  1496 |     7 | 4.70800441792 |  20.748481652 |
|  1496 |   191 | 3.17046326943 | 20.5666943098 |
|  1498 |   287 |  2.3844203722 | 20.4751915111 |
|  1499 |    28 |  2.3844203722 | 20.3002372709 |
|  1499 |   126 |  2.8599732998 | 20.4230976832 |
|  1499 |   502 | 3.07271762993 | 20.5750867172 |
|  1502 |   163 | 2.71008876683 | 20.5945575022 |
|  1504 |   155 | 2.69899973823 | 20.6660659824 |
|  1504 |   297 | 2.41259146754 | 20.3688452664 |
|  1505 |   150 | 2.18554907929 | 20.5413627397 |
|  1505 |   454 | 2.73666617371 | 20.3544928378 |
|  1505 |   454 | 2.85908461042 | 20.4621663795 |
|  1506 |   367 | 2.52358133331 | 21.1799064741 |
|  1506 |   529 | 3.25387085243 | 20.6592349348 |
|  1507 |   203 | 2.55782269066 | 20.4320541049 |
|  1507 |   471 | 2.94897423846 | 20.3050058951 |
|  1509 |   254 | 2.22837741619 | 21.3069745452 |
|  1509 |   417 | 2.17091281076 | 20.5352697822 |
|  1511 |   256 | 2.13967214943 | 20.3877745482 |
|  1512 |   554 | 3.73352091717 | 20.7121866557 |
|  1515 |   150 | 2.24477285838 | 20.3526200617 |
|  1516 |   284 | 2.25899955062 | 21.1122466062 |
|  1516 |   446 | 2.48966952317 | 20.8901248816 |
|  1516 |   586 | 3.19647171836 | 20.4561550182 |
|  1517 |   576 | 3.02609761673 | 20.9375239177 |
|  1568 |   216 | 2.35880120701 | 21.4127779858 |
|  1570 |   229 | 2.17895441675 | 20.7029564894 |
|  1571 |   383 | 2.52520437617 | 21.3446025145 |
|  1571 |   383 | 2.96081265192 | 20.6509665717 |
|  1573 |   319 | 2.15416421762 | 20.4017044478 |
|  1578 |   544 |  3.2187549581 | 20.3979317529 |
|  1578 |   544 | 4.00131605732 | 20.3970580864 |
|  1579 |   148 |  2.4776374223 | 20.4544495507 |
|  1580 |   551 | 2.34799114431 | 20.8246567788 |
|  1581 |   396 | 2.63818099251 | 20.7919717368 |
|  1582 |    30 | 3.41452825229 | 20.7995269425 |
|  1582 |    87 | 3.14461601292 | 20.7426903943 |
|  1582 |    87 | 3.72045976848 |  20.328612122 |
|  1582 |    92 | 2.84577879593 | 21.3410279423 |
|  1582 |   435 | 2.48886608957 | 20.3759578593 |
|  1582 |   435 | 2.96081265192 | 20.5144220845 |
|  1584 |    94 | 3.47181986204 | 21.3179318877 |
|  1585 |   257 | 2.20984676856 | 20.3095338269 |
|  1586 |   416 | 3.00022390276 | 20.4558383917 |
|  1587 |     3 | 2.96263709361 | 20.3928249501 |
|  1588 |   442 | 2.44654775635 | 20.4971873501 |
|  1589 |    33 | 3.05307183044 | 21.0117970369 |
|  1590 |   130 | 2.91547360441 | 20.3089956674 |
|  1590 |   389 | 2.82458485187 | 20.3983181282 |
|  1591 |   529 | 3.41249575494 | 20.6638940263 |
|  1592 |   285 | 2.99194271605 | 20.6561880109 |
|  1593 |    10 | 4.33070071806 | 20.4130000321 |
|  1593 |    10 | 4.52184613026 | 20.3029724348 |
|  1594 |   514 | 3.10756363751 | 20.4477963789 |
|  1595 |   414 | 2.33030723281 | 20.3913554131 |
|  1597 |   438 | 2.89299907548 | 20.4662622323 |
|  1597 |   483 | 3.00944537122 | 20.8615538308 |
|  1597 |   483 | 3.46153496176 |  20.553381578 |
|  1599 |   623 | 3.25191232351 | 20.3422054589 |
|  1603 |   387 | 3.19937153977 | 20.3015166676 |
|  1603 |   451 |   3.948622217 | 20.5364360206 |
|  1605 |   489 | 2.64656786587 | 20.4134241351 |
|  1605 |   489 | 2.93083034994 | 20.5026269026 |
|  1606 |    71 |  4.3862226342 |  20.812738049 |
|  1608 |    77 | 3.75975173211 | 20.7321180579 |
|  1608 |   235 |   2.357254778 | 20.6162946406 |
|  1608 |   428 | 2.19436324829 |  20.569705792 |
|  1610 |   448 |  3.3299641496 | 20.8914103726 |
|  1614 |   129 | 4.07907119572 | 20.6515661957 |
|  1614 |   173 | 2.12884681146 |  20.725666233 |
|  1616 |   446 | 2.52358133331 | 21.0325442257 |
|  1617 |   152 | 2.20393945482 | 20.4296478876 |
|  1617 |   239 | 2.91096834277 | 20.4500165615 |
|  1618 |   448 | 2.75650784875 | 20.5237326408 |
|  1619 |   408 | 3.29718746863 |  20.320713878 |
|  1621 |   505 | 2.72378244818 | 20.4648260655 |
|  1622 |   111 | 2.13605954827 | 20.4926453339 |
|  1622 |   622 | 4.30010289016 | 20.5609090928 |
|  1624 |   381 | 2.46963907818 | 20.3429126524 |
|  1625 |    59 | 3.66320277315 | 20.7946082155 |
|  1627 |   124 | 4.09312459462 |  20.334321085 |
|  1628 |   595 | 3.40234729632 | 20.3473805864 |
|  1642 |   159 | 3.37002881459 |  20.450534586 |
|  1642 |   201 | 3.21972647417 | 20.3201547658 |
|  1642 |   398 | 2.79563375824 | 20.8328559233 |
|  1643 |   225 | 2.55700356602 | 20.3846163715 |
|  1643 |   225 | 2.79388620671 | 20.4947647829 |
|  1644 |   108 | 3.45537537929 | 20.9632188427 |
|  1645 |   172 |  2.9028719312 | 20.9030884803 |
|  1646 |   418 | 3.20033859213 | 20.7365072839 |
|  1648 |   378 | 3.67933675129 | 20.6860107302 |
|  1648 |   465 | 3.95660488516 | 20.9519768308 |
|  1653 |   381 | 2.19215742228 | 21.0852885651 |
|  1658 |   271 | 2.20541526325 | 20.4314565095 |
|  1659 |   301 | 3.97489937139 | 20.5634598259 |
|  1659 |   301 | 4.46366798776 | 20.7617431194 |
|  1664 |   584 | 2.66424328444 | 20.5105382486 |
|  1668 |   298 | 3.33595035031 | 20.3861788471 |
|  1668 |   578 | 2.20393945482 | 20.5277439834 |
|  1669 |   576 | 2.63232166092 | 20.4193719856 |
|  1669 |   576 | 3.16662389917 | 20.3165156954 |
|  1669 |   634 | 3.01221595478 | 20.6027833289 |
|  1671 |   429 | 3.08304626161 | 20.5443127857 |
|  1672 |   516 | 3.25975185371 | 20.3548436978 |
|  1673 |   118 | 2.94715608729 | 20.4215626032 |
|  1673 |   545 | 3.59710370046 | 21.1663169196 |
|  1674 |   355 | 3.74880460691 | 21.3130989602 |
|  1674 |   608 | 2.55291077078 | 20.7667409647 |
|  1674 |   608 | 2.59902033577 | 20.5599773368 |
|  1675 |   323 | 3.18682010123 | 20.5810108049 |
|  1676 |   405 | 3.33195863099 | 20.3842477841 |
|  1677 |   434 | 3.95660488516 | 20.5938927759 |
|  1679 |   301 |  2.4370377376 | 20.4772505674 |
|  1679 |   376 | 4.29034872651 | 20.3791712015 |
|  1680 |   127 |  3.1589557591 |  20.584957996 |
|  1680 |   230 | 3.13508366061 | 20.4084887839 |
|  1680 |   483 | 3.45332407547 | 20.8051929807 |
|  1684 |   196 | 2.50174325329 | 20.6208808535 |
|  1684 |   573 | 2.80175653008 |   20.40770724 |
|  1686 |   131 | 3.13508366061 | 20.4990745664 |
|  1693 |   590 | 3.47490995292 | 20.4029270212 |
|  1695 |   147 | 2.47123727399 | 20.3697036118 |
|  1697 |   381 | 3.06335063931 | 20.7203955836 |
|  1697 |   381 | 3.17911479262 | 20.3527680436 |
|  1697 |   610 | 3.38212034782 | 21.7414670612 |
|  1698 |   465 | 3.33694885473 | 20.7155797915 |
|  1700 |    49 | 2.91727716189 | 20.5669131198 |
|  1700 |   389 |  4.0989916477 | 20.5145602684 |
|  1704 |   624 | 3.23822784622 | 21.0940271224 |
|  1710 |   304 |  3.3982944513 | 20.5110702184 |
|  1710 |   359 | 2.15561709843 | 20.4736450874 |
|  1711 |   327 | 2.99378149697 | 20.5383692711 |
|  1713 |   436 | 3.16566460901 | 20.8754186962 |
|  1713 |   436 | 3.48419304325 | 20.3599949496 |
|  1718 |    16 | 4.45612486329 | 20.4018741782 |
|  1718 |   346 | 3.42674291203 |  20.716518304 |
|  1718 |   346 | 3.57808973042 | 20.8408128483 |
|  1718 |   346 |  3.9760450162 | 21.2023022424 |
|  1719 |   374 | 2.43545528763 | 20.8572619464 |
|  1724 |   633 | 3.02887970723 | 20.4524451524 |
|  1726 |   419 | 3.76962571969 | 20.5497452465 |
|  1727 |     5 | 3.38514845506 | 21.0670407573 |
|  1727 |   122 | 2.45926872604 | 20.6404176939 |
|  1727 |   615 | 3.00667670085 | 20.5697639594 |
|  1729 |   520 | 2.45369753467 | 20.5129394684 |
|  1730 |   483 | 2.35261976161 |    20.5566669 |
|  1730 |   526 | 3.14843510382 | 20.5822757172 |
|  1730 |   526 | 3.77731964695 | 20.3980931448 |
|  1733 |   280 | 2.22243599914 | 20.4164041531 |
|  1738 |   102 | 3.00022390276 | 20.5261527776 |
|  1738 |   156 | 2.94079914782 | 20.4177221459 |
|  1740 |    50 | 2.31119151558 | 20.3697844466 |
|  1740 |   158 | 2.16361991367 | 20.5429775826 |
|  1740 |   243 | 2.99470120503 | 20.9886864612 |
|  1743 |   383 | 2.95716628812 | 20.3837201405 |
|  1745 |   531 | 4.08141073311 | 20.4175877006 |
|  1745 |   531 | 4.46241007654 | 21.2886609967 |
|  1745 |   597 | 4.74492416972 | 20.6981973453 |
|  1747 |   499 |  2.9100679127 | 20.6138824369 |
|  1747 |   499 | 3.28927904295 | 20.4199215606 |
|  1747 |   640 | 2.93445244627 | 20.4385519655 |
|  1748 |    85 | 2.68370039438 | 20.5572261056 |
|  1748 |    85 | 3.28138517172 | 20.3395480143 |
|  1751 |   190 | 3.45742762799 | 20.9272125394 |
|  1754 |   561 | 2.90916768993 | 20.8687518035 |
|  1756 |   264 | 3.17719068222 | 20.6065755785 |
|  1756 |   264 | 3.90438212152 |  20.471443265 |
|  1757 |   161 | 4.03946346002 | 20.7040762928 |
|  1760 |   249 | 3.67718233319 | 20.9084012172 |
|  1762 |    10 | 4.95366371692 |  20.498410153 |
|  1762 |    67 |   3.083986526 | 20.3146404288 |
|  1763 |    37 | 2.41573602834 | 20.5232410365 |
|  1765 |    12 | 2.83870113036 | 20.5387136328 |
|  1765 |   601 |  2.8263465439 | 20.5838621842 |
|  1771 |    54 | 3.28829151365 | 20.6435725047 |
|  1772 |   421 | 3.69552655056 | 20.5390936557 |
|  1773 |   391 | 3.46050777363 | 20.7726156733 |
|  1774 |   278 | 4.40859298556 | 20.5965575584 |
|  1776 |   542 | 2.54392319033 | 20.7980390923 |
|  1779 |   177 | 4.13433616928 | 20.3140171682 |
|  1779 |   269 | 3.51943662311 | 20.3526136278 |
|  1780 |   266 | 2.90377070415 |  21.087916333 |
|  1780 |   297 | 3.66320277315 | 20.3485386695 |
|  1784 |   303 |  3.0512057516 | 20.4576755543 |
|  1784 |   565 | 4.70143661643 | 20.3989312014 |
|  1785 |   402 | 3.56545746118 | 20.6262210884 |
|  1786 |   614 | 2.51224093749 | 21.0629199503 |
|  1787 |   178 | 3.02609761673 | 20.4695173771 |
|  1787 |   358 | 2.52845270507 | 20.8129674556 |
|  1788 |    92 | 2.85109560756 | 20.4227758346 |
|  1788 |   181 | 2.24477285838 | 20.5502523464 |
|  1788 |   181 | 2.46086214503 | 21.0729708604 |
|  1788 |   621 | 3.37002881459 | 20.3062554461 |
|  1789 |   162 | 2.84666442118 |  20.751387599 |
|  1790 |   269 |  3.4564013855 |  20.738834213 |
|  1790 |   421 | 2.71521798621 | 20.9207722727 |
|  1790 |   421 | 3.19647171836 | 20.4832578237 |
|  1791 |   236 | 3.41147985721 | 21.1530360523 |
|  1791 |   595 | 3.52047738167 | 20.3355354305 |
|  1793 |   481 |  3.3299641496 | 20.5395161383 |
|  1795 |   286 | 3.90890130523 |  20.395914182 |
|  1796 |   155 | 2.13967214943 |  21.142494953 |
|  1796 |   483 | 3.51943662311 | 20.4284898115 |
|  1796 |   595 |  2.4560840886 | 20.8919372953 |
|  1798 |   151 | 2.32035332753 | 20.3618218568 |
|  1800 |   359 | 2.68794385345 |  20.592799506 |
|  1801 |   607 | 2.25300177744 | 20.3003591719 |
|  1802 |   374 | 3.46050777363 | 20.4714865555 |
|  1804 |    71 | 2.71008876683 | 20.7445357383 |
|  1804 |    71 | 2.84489337458 | 20.5158378769 |
|  1805 |   435 | 2.22614810214 | 21.1004300601 |
|  1806 |   348 |  3.0642863681 | 20.7379887122 |
|  1808 |   531 | 2.91998405591 | 20.4305002417 |
|  1808 |   531 |   3.137941062 | 20.8807875697 |
|  1808 |   554 | 3.29125478384 | 20.9658927801 |
|  1810 |   179 | 2.76170124278 | 20.4887966797 |
|  1811 |    74 | 4.65306918476 | 20.4594987427 |
|  1811 |   294 | 3.44308171432 |   20.62644861 |
|  1811 |   294 | 3.68904391997 | 20.6626822617 |
|  1811 |   294 | 3.86053752725 | 20.4943692805 |
|  1814 |   618 |  3.0642863681 | 21.0774665833 |
|  1816 |    80 | 2.87957632663 |  20.648817086 |
|  1820 |   452 | 3.07271762993 | 20.5805166275 |
|  1820 |   604 | 3.80489941426 | 20.7550279325 |
|  1820 |   604 | 4.29644297302 | 20.4482247546 |
|  1823 |   638 | 3.39525726626 | 21.0187281564 |
|  1823 |   638 | 3.73570128612 | 20.3374914787 |
|  1823 |   638 | 4.19498503191 | 20.3539344347 |
|  1824 |    71 | 3.08492700692 | 20.5993552912 |
|  1824 |   497 | 2.37974785107 |  20.324418207 |
|  1826 |   434 | 3.30610187805 | 20.5371701961 |
|  1829 |   234 | 4.79007648405 | 20.9557736737 |
|  1831 |    14 | 3.87174222343 | 20.3631188713 |
|  1831 |   162 | 3.35195404353 |  20.428308897 |
|  1835 |   624 | 3.06522231237 | 20.6560847378 |
|  1838 |   524 | 2.93898476056 | 20.3226691291 |
|  1843 |   384 | 2.79126638793 | 21.0615696814 |
|  1843 |   536 | 2.34876213652 | 21.2773142405 |
|  1844 |   287 | 3.30610187805 | 20.9233546981 |
|  1844 |   463 | 3.28335727651 | 20.8714136012 |
|  1845 |   197 |   3.763040788 | 20.7591225393 |
|  1845 |   428 | 2.94533877322 | 20.3597660517 |
|  1846 |     3 | 3.16278806348 | 20.7056094524 |
|  1848 |   498 | 2.82722769419 | 20.6707772462 |
|  1848 |   498 | 3.04375002391 | 20.7117995617 |
|  1849 |   342 | 3.14461601292 | 20.5869443309 |
|  1850 |   320 | 2.17237340636 | 20.8561800031 |
|  1854 |   605 | 2.87779012703 | 20.6567954522 |
|  1854 |   605 | 3.19260840446 | 20.7869987814 |
|  1854 |   605 | 3.51319710178 | 20.6219233184 |
|  1868 |    61 | 3.01868809736 | 20.9601581868 |
|  1870 |   178 | 4.01169116413 | 20.3223694716 |
|  1873 |    74 | 2.89838116943 | 20.8264228094 |
|  1873 |   197 | 3.14366178968 | 20.6135518097 |
|  1875 |   553 | 3.38212034782 | 20.7321698147 |
|  1876 |   195 | 2.74528007885 | 20.8164866265 |
|  1876 |   195 | 3.18971325324 | 21.2742783505 |
|  1876 |   447 | 3.22264236495 | 20.5322440486 |
|  1877 |    61 | 3.32498196268 | 20.3560430155 |
|  1878 |   269 | 3.49039246631 | 20.9773770151 |
|  1878 |   402 | 2.97726291339 | 20.7167191888 |
|  1883 |    15 | 2.13389398312 | 20.4193605029 |
|  1883 |   342 | 2.21058594819 | 20.5665353388 |
|  1885 |    87 |  2.1950988623 | 20.5948675185 |
|  1885 |   207 |   2.625636836 | 21.1199855382 |
|  1899 |    70 | 2.50013101219 | 20.7075954722 |
|  1901 |   552 |  2.5041630075 | 20.5301854117 |
|  1905 |   468 | 2.19436324829 | 20.7747651996 |
|  1905 |   563 | 2.14184170737 | 20.5167837328 |
|  1907 |   469 | 2.40552678621 | 20.4940291164 |
|  1907 |   598 | 2.29142755469 | 20.6609310483 |
|  1917 |   387 | 2.26576026481 | 20.4102258217 |
|  1927 |   574 | 3.32000550841 | 20.5798080779 |
|  1929 |   486 | 2.77732454397 | 20.6609257906 |
|  1929 |   486 | 3.25877112251 | 20.3210149779 |
|  1930 |   217 | 3.00206649819 | 20.6046858837 |
|  1932 |   117 | 2.94079914782 | 20.5411573271 |
|  1938 |   175 | 2.25674909086 | 20.7358748514 |
|  1938 |   572 | 2.62229903841 | 20.6030180749 |
|  1938 |   572 | 2.96172476774 | 21.0172440539 |
|  1944 |   197 | 2.29673698685 |  20.442171169 |
|  1944 |   324 | 3.71720011636 | 21.0337382254 |
|  1947 |   559 | 2.54147598026 | 20.7423933574 |
|  1947 |   602 | 2.94261437083 | 20.6159828551 |
|  1948 |   415 | 2.36034834834 | 20.6940219194 |
|  1949 |   133 | 3.72807438569 | 20.3379142136 |
|  1949 |   422 | 3.41859605607 | 20.6932637112 |
|  1951 |   133 | 4.09429746492 | 20.8428865306 |
|  1952 |    24 | 3.68688503258 | 20.5898982939 |
|  1953 |   135 | 2.77558542221 | 20.4391227349 |
|  1957 |   281 |  3.1474800013 |  20.524511573 |
|  1957 |   466 | 2.29673698685 | 20.4148097931 |
|  1963 |   583 | 2.23060827072 | 20.4125808929 |
|  1969 |   310 | 4.04410711555 | 20.8562112799 |
|  1970 |   202 | 2.80438359771 | 20.4174155528 |
|  1975 |   172 | 3.41757875386 | 20.3002895136 |
|  1978 |   108 | 2.32188275888 | 20.3507981698 |
|  1978 |   512 | 2.34799114431 | 20.6619038465 |
|  1979 |   116 | 2.78341778105 | 20.8277071708 |
|  1983 |   375 | 3.16470553971 |  20.503137546 |
|  1986 |    75 | 3.41046419337 | 20.5607025844 |
|  1988 |   546 |  2.5800105014 | 20.4335378368 |
|  1989 |   290 | 2.99194271605 | 20.6127366168 |
|  1991 |   635 | 3.18971325324 | 20.4898408806 |
|  1992 |   120 | 2.91908155014 | 20.4390633441 |
|  1992 |   120 | 3.05400519218 | 20.4988967063 |
|  1992 |   120 | 3.65033565249 | 20.3171060139 |
|  1992 |   148 | 3.05027303439 | 20.5631677852 |
|  1992 |   509 | 3.27055481427 | 20.7349638962 |
|  1993 |   449 | 2.96811546252 | 20.3426865265 |
|  1993 |   485 | 3.43592608102 | 20.3057654001 |
|  1994 |   306 | 3.69768941843 | 20.8621267827 |
|  1994 |   306 | 4.08843581311 | 20.8126725066 |
|  1994 |   453 | 2.49771404223 | 20.4647330008 |
|  1994 |   453 |  2.6676197319 | 20.5718363418 |
|  1995 |   319 |  3.0981165033 | 20.4156978245 |
|  1995 |   319 | 3.86501630999 | 20.5093735762 |
|  1995 |   394 | 3.77292159864 | 20.4216413928 |
|  1996 |   259 | 2.90107500605 | 20.3784320083 |
|  1996 |   267 | 3.46461794563 | 20.4813622472 |
|  1996 |   591 | 4.17826534222 | 20.6130602498 |
|  1998 |   509 | 2.58826327793 | 20.6677229629 |
|  2001 |   184 | 3.37808612393 | 20.5184754254 |
|  2001 |   184 | 4.10369015597 | 20.6606226086 |
|  2005 |    41 | 2.71436262413 | 20.4924409949 |
|  2005 |   570 | 4.81948161613 | 21.0210116215 |
|  2008 |   610 | 3.06522231237 | 20.9184266394 |
|  2009 |     8 | 4.74624713971 | 20.5975054166 |
|  2010 |   210 | 2.99194271605 | 20.3559995428 |
|  2011 |    76 | 2.16653505756 | 20.5968694634 |
|  2011 |    76 | 2.75218549789 |  20.346555236 |
|  2012 |   622 | 3.35095208444 | 21.3321098469 |
|  2013 |    27 | 3.45229877775 | 20.6196999709 |
|  2013 |   268 | 3.70418400147 | 20.5188280312 |
|  2013 |   398 | 3.29619811856 | 20.5458133466 |
|  2013 |   398 | 3.54762139037 | 20.4683726615 |
|  2015 |    83 | 2.96902926008 | 21.0163637582 |
|  2015 |   188 | 2.15489057439 | 20.4073737482 |
|  2015 |   483 | 3.19067808145 | 20.3953896134 |
|  2015 |   556 | 2.26200258287 | 20.3784725301 |
|  2016 |   608 | 2.29142755469 | 20.3185655591 |
|  2017 |   117 | 3.63750403592 | 20.6679880755 |
|  2017 |   575 |  3.4564013855 | 20.3347530146 |
|  2020 |   116 | 3.05400519218 | 20.4835435003 |
|  2020 |   266 |  3.2853302897 | 20.9662703202 |
|  2021 |    57 | 2.96628849853 | 20.5218932675 |
|  2023 |   132 | 3.03630801754 | 20.6959684829 |
|  2024 |   293 | 2.77297824079 | 20.6116655373 |
|  2025 |   364 | 2.15343802808 | 20.4003452761 |
|  2025 |   446 | 2.74614256075 | 20.6991140232 |
|  2025 |   446 | 3.29916685233 | 20.7251406342 |
|  2025 |   446 | 3.44717582893 | 20.5632412202 |
|  2025 |   599 | 3.09151644037 | 20.8326528506 |
|  2028 |   361 |  3.3140413211 | 20.5757086886 |
|  2028 |   383 | 4.60898528407 | 20.5923399114 |
|  2028 |   383 | 4.90043866968 | 20.6479454019 |
|  2029 |   469 | 2.36267039666 | 20.4426533526 |
|  2030 |   617 | 2.89658631187 | 20.4497302742 |
|  2033 |   188 | 3.30015688606 | 20.3175277351 |
|  2033 |   225 | 2.67692101345 | 20.3978942589 |
|  2033 |   225 |  3.2177836657 | 21.0946623515 |
|  2033 |   225 | 3.63323470326 | 20.4247435202 |
|  2034 |   136 | 2.86798071921 | 20.6575255589 |
|  2034 |   191 | 2.96172476774 | 21.0094782592 |
|  2035 |   423 | 2.91547360441 | 20.5259499109 |
|  2037 |    48 | 4.28913071893 | 20.3689632557 |
|  2037 |    48 | 4.58578609495 | 20.9861977073 |
|  2058 |   531 | 2.38364117032 | 20.7673926881 |
|  2060 |   346 | 2.58908960121 | 21.0562728035 |
|  2061 |   192 | 2.29370197776 | 20.8925403681 |
|  2064 |   147 | 2.42755395973 | 20.5515238074 |
|  2064 |   270 | 2.13967214943 | 20.7575219135 |
|  2064 |   422 | 2.29673698685 | 20.7383193836 |
|  2064 |   601 | 2.16289154713 | 20.3913440238 |
|  2066 |   538 |  2.1906877179 | 20.8840458785 |
|  2067 |   241 | 2.34413884505 | 20.8134390539 |
|  2068 |   293 | 2.13750408965 | 20.3404629738 |
|  2068 |   450 |  2.1804187165 |  20.588733968 |
|  2069 |   351 | 2.84932252079 |   20.89989732 |
|  2071 |   490 | 2.26500838229 | 20.5533475133 |
|  2073 |    30 | 2.53740105152 | 21.2995411502 |
|  2076 |   511 |  2.1906877179 | 20.5727984851 |
|  2082 |   150 | 3.10472721285 | 20.5579763928 |
|  2082 |   150 | 3.75099201588 |  20.358140037 |
|  2082 |   150 |  4.0093837264 | 20.3155866761 |
|  2083 |   595 | 2.71008876683 | 20.5263353673 |
|  2086 |    72 | 3.24506457067 | 20.7179780626 |
|  2087 |   310 | 4.70931888584 | 20.5811583845 |
|  2091 |   344 |  2.6921922008 | 20.3618831472 |
|  2093 |   255 | 2.40944980166 |  20.900397408 |
|  2100 |   542 | 3.49867169802 | 20.5962904779 |
|  2101 |    29 | 2.21798711318 | 20.4878966363 |
|  2102 |   410 | 3.14461601292 |  20.652674785 |
|  2104 |    10 | 4.44984688199 | 20.4006307716 |
|  2106 |     5 | 3.44001360201 | 20.6568567268 |
|  2108 |   189 | 3.16087147008 | 20.7538721412 |
|  2109 |    52 | 3.17334511864 | 20.9798191194 |
|  2110 |   291 | 3.71177236409 | 21.1083186751 |
|  2111 |   363 | 3.22750666121 | 20.6131000568 |
|  2111 |   363 | 3.98636769885 | 20.4290375465 |
|  2111 |   368 | 2.40552678621 | 20.3671453861 |
|  2111 |   368 | 2.73064823062 | 20.3876087684 |
|  2111 |   379 | 4.17111624382 | 20.3972275863 |
|  2112 |   399 | 2.45210741435 | 20.4648775846 |
|  2116 |   267 | 3.54552761547 | 20.5324489602 |
|  2119 |   616 | 2.71692930133 | 20.7081719603 |
|  2120 |   101 | 3.58336348624 | 20.6790634922 |
|  2121 |   638 | 3.39424533738 | 20.6261915637 |
|  2122 |    43 |  3.3922221785 | 20.6191313364 |
|  2123 |   278 | 2.92088676952 | 20.4803956415 |
|  2123 |   278 | 3.00206649819 |  20.649692463 |
|  2124 |    83 |  3.8919758069 | 20.4818915709 |
|  2124 |   295 |  3.1743061775 | 20.4919251747 |
|  2125 |   186 | 3.63643633409 | 20.8380422186 |
|  2125 |   210 | 2.16726426315 | 20.6902005621 |
|  2128 |   193 | 2.78516051057 | 20.3753181482 |
|  2129 |    63 | 3.08586770442 | 20.3250370641 |
|  2129 |    63 | 3.24311009626 | 20.8026550065 |
|  2129 |    92 | 3.22750666121 | 20.3491042045 |
|  2129 |    92 |  4.0860930413 | 20.3057130695 |
|  2130 |   200 | 3.12272437115 | 20.3368334645 |
|  2130 |   203 | 3.41147985721 | 20.4917108297 |
|  2130 |   480 | 3.16087147008 |  20.333710081 |
|  2130 |   599 | 3.49970767473 | 20.9871839354 |
|  2134 |   379 | 3.04934053192 | 20.7020265155 |
|  2134 |   379 | 3.29323143481 | 20.3345498407 |
|  2136 |   171 | 3.92588536322 |  20.825412774 |
|  2136 |   269 | 3.13984709313 | 20.4543683586 |
|  2136 |   355 | 2.39066045048 | 20.3724644077 |
|  2136 |   355 |  2.6206312921 | 20.6019359486 |
|  2136 |   493 | 3.17622895924 | 20.4147819434 |
|  2137 |   344 | 2.66846432979 | 20.4224934206 |
|  2137 |   400 | 3.34594574816 |  20.807223401 |
|  2138 |   123 | 2.54637209147 | 20.6887669712 |
|  2139 |    62 | 2.87868312401 | 20.4404246366 |
|  2139 |   529 | 3.17622895924 | 20.4888518942 |
|  2141 |   185 | 3.59710370046 | 20.4538066934 |
|  2141 |   185 | 3.92248385713 | 20.5804205451 |
|  2142 |   469 | 2.58743714489 | 20.6673472716 |
|  2143 |   488 | 2.27253500393 |  20.417231938 |
|  2143 |   488 | 3.04934053192 | 20.4134143097 |
|  2143 |   546 | 2.72978931601 | 20.4656255261 |
|  2144 |   372 | 2.82458485187 | 20.4144706976 |
|  2145 |   111 | 3.05027303439 | 20.3293850993 |
|  2145 |   254 | 3.66427663889 | 20.4699084623 |
|  2147 |     8 | 2.19289252832 | 20.3688678942 |
|  2148 |   473 | 2.58413451433 | 20.3797873192 |
|  2148 |   473 | 2.89748363733 | 20.4741849259 |
|  2149 |   249 | 4.02903085953 | 20.7551535821 |
|  2155 |   393 |  2.8599732998 | 20.4467876703 |
|  2156 |   328 | 2.49932517002 | 20.4651318669 |
|  2156 |   631 | 3.64819458681 | 20.6476903975 |
|  2157 |    81 | 2.13894929643 | 20.3530109411 |
|  2157 |   479 | 3.36399556525 | 20.4544379517 |
|  2158 |   566 | 2.29218552115 | 21.0430923105 |
|  2161 |    77 | 3.46461794563 | 20.7419156396 |
|  2163 |   190 | 4.41856516392 | 20.7904902584 |
|  2164 |   212 | 3.21293055701 | 20.6477567669 |
|  2164 |   217 | 2.68794385345 | 21.1474697299 |
|  2170 |   518 |  2.5808349242 | 20.4867710652 |
|  2171 |    41 | 3.44205877472 | 20.7776089437 |
|  2171 |   217 | 3.13889396785 | 20.5235535607 |
|  2171 |   460 | 2.44892936969 |  20.520780638 |
|  2172 |   204 | 2.91998405591 | 20.3523305508 |
|  2187 |   305 | 2.49127694547 | 20.3160400173 |
|  2187 |   378 | 2.18554907929 | 20.6716945282 |
|  2189 |   501 | 2.60482594868 | 20.5278336258 |
|  2192 |   154 | 2.13967214943 | 20.5364428021 |
|  2196 |   304 | 3.10567247004 | 20.8446823563 |
|  2197 |   557 | 3.39019995111 | 20.5032013815 |
|  2197 |   557 | 3.68257023928 | 20.5393549444 |
|  2197 |   557 | 4.47374171152 |  20.609031525 |
|  2198 |   105 | 2.51224093749 | 20.7993618007 |
|  2198 |   180 | 3.13222823235 | 20.6945186343 |
|  2198 |   239 | 2.73752667195 | 20.5385219398 |
|  2201 |    42 | 2.36267039666 | 20.3961960488 |
|  2201 |   290 |  3.0558725605 | 20.4142872396 |
|  2201 |   618 | 4.19020247666 | 20.6725592916 |
|  2203 |   628 | 3.46770305989 |  20.324971664 |
|  2204 |   522 | 2.30129474498 | 21.1339561473 |
|  2204 |   567 | 2.21428440046 | 20.7849982789 |
|  2205 |    80 | 2.37974785107 |  20.758023051 |
|  2206 |    65 | 2.84312314338 | 20.6225010472 |
|  2206 |   505 | 3.54971612971 | 20.9301638876 |
|  2207 |   180 |  3.6696496782 | 20.5325505735 |
|  2210 |   319 | 2.43466433588 | 20.4727805174 |
|  2210 |   319 | 2.57671470788 | 20.6530193171 |
|  2211 |   310 | 2.78603217634 | 20.6651237158 |
|  2212 |   262 | 3.30411930139 | 20.3802202899 |
|  2212 |   378 | 3.36500052806 | 20.3260884309 |
|  2212 |   460 | 2.94806505821 | 20.4347849249 |
|  2213 |   242 | 4.34421966273 | 20.3264570471 |
|  2213 |   609 | 2.16361991367 | 20.4835468417 |
|  2214 |    62 | 3.24115652171 | 20.8327607889 |
|  2214 |    62 | 3.65354910031 | 20.3733851755 |
|  2214 |    62 |  4.1001658691 | 20.3848177313 |
|  2214 |   190 | 3.57808973042 | 20.4193588625 |
|  2215 |   212 |  2.9993029232 | 20.6768015326 |
|  2215 |   406 | 3.38413885356 | 20.3539633986 |
|  2215 |   406 | 3.62045027315 | 20.6051608091 |
|  2220 |   561 | 2.78516051057 | 20.4676307909 |
|  2224 |    78 | 3.03352079752 | 20.9832043416 |
|  2224 |    78 | 3.57598192757 | 20.3782958588 |
|  2226 |    87 | 3.94179016325 | 20.5996536322 |
|  2226 |    87 | 4.71457978522 |   20.37639358 |
|  2230 |    35 | 3.30907745546 | 20.5155563597 |
|  2230 |   124 | 2.91186898019 |  20.362547736 |
|  2231 |   562 | 3.06709484756 | 20.8694530847 |
|  2232 |   361 | 2.26200258287 |  20.330199796 |
|  2232 |   588 | 4.71589576734 | 20.3536689444 |
|  2234 |    68 | 3.30114714777 | 20.4791055741 |
|  2234 |    68 | 4.35284047278 | 20.7243336637 |
|  2234 |   260 | 4.39615356688 | 20.8409154996 |
|  2236 |   475 |  2.9136708773 |  20.482983863 |
|  2236 |   614 | 2.53495834522 | 20.3555906049 |
|  2236 |   614 | 3.19453961663 | 20.5477702665 |
|  2237 |   549 | 3.23432609122 | 20.3276254018 |
|  2238 |   185 |   3.083986526 | 20.6308436624 |
|  2238 |   197 | 2.49610365622 |  20.919182854 |
|  2238 |   197 | 2.75650784875 | 20.3933670324 |
|  2238 |   523 | 3.19840471006 |  20.381472487 |
|  2238 |   523 | 3.44615194673 | 20.3359547151 |
|  2239 |   416 | 3.52568477063 | 20.5354629994 |
|  2242 |   161 | 2.71179771932 | 20.4145493255 |
|  2243 |    71 | 2.74959447498 | 20.7235054873 |
|  2243 |   127 | 3.20420902907 | 20.8914511882 |
|  2244 |   345 |  2.9993029232 | 20.5175594857 |
|  2244 |   405 | 2.28915470219 | 20.5259211723 |
|  2244 |   451 | 3.33495207578 | 20.5650826945 |
|  2245 |   377 | 2.48084192023 | 20.5647700233 |
|  2245 |   377 | 3.29718746863 | 20.4092803194 |
|  2245 |   605 | 3.85047533579 | 21.0774298103 |
|  2246 |     1 | 2.97817881746 | 20.5304612962 |
|  2261 |   283 | 2.44337482997 | 20.5691002207 |
|  2261 |   424 | 2.61064092669 | 20.8357182938 |
|  2271 |   153 | 2.64908769593 | 20.5772495014 |
|  2273 |   121 | 2.42045830334 | 20.7730700082 |
|  2273 |   569 | 2.25150405965 | 20.5807722875 |
|  2274 |   176 | 3.75099201588 | 20.3409694345 |
|  2274 |   176 | 3.85941847596 | 20.4822489507 |
|  2275 |   158 | 3.29619811856 | 20.4223850586 |
|  2277 |   197 | 3.01129221427 |  20.576567283 |
|  2277 |   197 | 3.10661794491 | 20.7942602115 |
|  2277 |   468 | 3.18489244322 | 20.4098724548 |
|  2280 |   415 | 2.95534436524 | 20.5719869812 |
|  2280 |   495 | 2.59819172611 |  20.492640309 |
|  2280 |   624 | 4.41731763681 | 20.8785526379 |
|  2281 |    44 |  3.1474800013 | 20.8115893877 |
|  2281 |   252 | 3.49039246631 | 20.6197658548 |
|  2282 |   159 | 2.88315119451 |  20.546206007 |
|  2283 |   142 |  2.1906877179 | 20.4260137478 |
|  2284 |   477 | 2.37430472897 | 21.6184366058 |
|  2285 |    41 | 2.50819964748 | 20.3426608678 |
|  2285 |   588 | 2.75996931416 | 20.7587506199 |
|  2286 |   199 | 2.17164302448 | 20.6070576543 |
|  2288 |   470 | 3.21681259692 | 20.3963687648 |
|  2290 |   443 | 3.47181986204 | 20.3731942047 |
|  2291 |   608 | 2.97909493245 | 20.7049854818 |
|  2292 |     7 | 3.99786246354 | 20.5253802542 |
|  2293 |     1 | 2.93989184974 | 20.6606173513 |
|  2293 |   452 | 3.44615194673 | 20.6697670815 |
|  2295 |   442 | 2.15126046245 |  20.466428493 |
|  2296 |   304 | 2.25300177744 | 20.3552412763 |
|  2297 |    70 | 3.27941397491 | 20.8292953608 |
|  2298 |   330 | 2.78341778105 | 20.5510692989 |
|  2298 |   336 | 3.17719068222 | 20.4214214429 |
|  2298 |   484 | 2.32647528119 | 21.0021808766 |
|  2298 |   554 | 2.76256750623 | 20.5812047188 |
|  2298 |   565 | 3.48006485022 | 20.6700130103 |
|  2319 |   208 | 2.41494961659 | 21.5105379212 |
|  2320 |     7 |   2.929925347 | 20.4752731837 |
|  2321 |   188 | 2.56110107597 |  20.584562917 |
|  2321 |   193 | 2.48966952317 | 20.4769453849 |
|  2323 |   226 | 2.17822251971 | 20.5057237917 |
|  2323 |   365 | 2.58165953684 | 20.7640199867 |
|  2327 |    11 | 2.15343802808 | 20.5854768154 |
|  2327 |   203 | 2.22986448131 |  20.423536168 |
|  2327 |   620 | 2.32570942012 | 21.1446154095 |
|  2328 |   482 | 2.54066061915 |   20.42193687 |
|  2329 |    87 | 2.25749907139 | 20.3025066452 |
|  2329 |   416 | 2.15343802808 | 20.5973692549 |
|  2329 |   494 | 2.66930912217 | 20.3520378487 |
|  2331 |   615 | 2.32954048951 | 20.6631872635 |
|  2339 |   628 |  2.5325173257 | 20.6920445236 |
|  2340 |    19 | 2.32417822693 | 21.2008452509 |
|  2341 |    67 | 2.92359615783 | 20.4278040311 |
|  2341 |   204 | 2.33875307166 | 20.5860644397 |
|  2342 |   393 | 2.60482594868 | 20.4596580469 |
|  2342 |   412 | 3.11703254962 | 20.3142667762 |
|  2345 |   318 | 2.96628849853 | 20.4313956034 |
|  2347 |   208 | 2.26876952678 | 20.6753957327 |
|  2348 |    66 | 2.30738155907 |  20.581674959 |
|  2348 |   595 | 3.37002881459 | 20.7534881475 |
|  2349 |    89 | 2.50335623703 | 20.4605741864 |
|  2351 |   592 | 2.73064823062 | 20.6182404162 |
|  2352 |    16 | 4.38374275807 | 20.5851435258 |
|  2356 |   356 | 2.60482594868 |  20.481783028 |
|  2356 |   356 | 3.38111144348 |  20.450326043 |
|  2358 |   206 | 3.23335121385 | 20.8591044693 |
|  2359 |   452 | 3.10378217329 | 20.6448306197 |
|  2360 |   546 | 3.29718746863 | 21.0084165259 |
|  2361 |   251 | 2.38597931431 | 20.8838143817 |
|  2361 |   258 | 2.96172476774 | 20.6167883536 |
|  2361 |   521 | 2.84755025037 | 20.4660294804 |
|  2363 |   165 | 3.25289147522 | 20.6414289033 |
|  2366 |   238 | 3.76962571969 |  20.741293082 |
|  2366 |   367 | 4.30010289016 | 20.7774537132 |
|  2366 |   367 | 4.56909082277 | 20.4725589949 |
|  2366 |   367 | 4.85577391284 |   20.78956325 |
|  2366 |   640 | 3.22069821397 | 20.5992690699 |
|  2367 |    29 | 2.89838116943 | 20.5407278653 |
|  2367 |    58 | 3.13317982262 | 20.6531102648 |
|  2367 |    84 | 2.40160828471 | 20.7320520244 |
|  2367 |   559 |  2.6206312921 | 20.4568778956 |
|  2367 |   559 | 3.27941397491 | 20.6425938689 |
|  2368 |    85 | 4.02208779384 | 20.5343309601 |
|  2370 |   528 | 3.81486705958 | 20.6646781055 |
|  2370 |   528 | 4.15091401956 | 20.5544019631 |
|  2371 |    95 |  2.9535232812 | 20.3107247604 |
|  2371 |   104 | 3.01221595478 | 20.7704384589 |
|  2372 |   290 | 2.61147240321 | 20.3165109224 |
|  2373 |     7 | 2.48725977725 |  20.571637781 |
|  2374 |   395 | 2.49851951338 | 20.3870822274 |
|  2376 |    32 |  2.2831014323 | 20.3101546461 |
|  2376 |   334 | 3.97489937139 | 20.5727077385 |
|  2398 |    25 | 2.28839743352 | 20.6253180837 |
|  2400 |   233 | 2.23060827072 |  20.978103825 |
|  2401 |   206 | 2.34106019733 | 20.4023883169 |
|  2401 |   258 | 2.16799363667 | 20.8881019035 |
|  2402 |   437 | 2.40552678621 | 20.3514300108 |
|  2403 |   415 | 3.18200262016 | 20.4007857648 |
|  2407 |   367 | 2.21724622956 | 20.4158125316 |
|  2407 |   383 | 2.61646528489 | 20.7423289427 |
|  2410 |   120 | 2.59239679768 | 20.6840550159 |
|  2410 |   309 | 2.17018276516 | 20.4221141685 |
|  2418 |   402 | 3.41656168586 | 20.4138925103 |
|  2419 |   338 | 3.38615828907 | 21.1300743536 |
|  2419 |   395 | 2.58330933186 | 20.3716328581 |
|  2419 |   637 |  3.0270247667 | 20.4240519105 |
|  2420 |    33 | 3.00022390276 | 20.6165042442 |
|  2421 |   214 | 2.35184788125 | 20.4079230461 |
|  2421 |   536 |  2.9882676936 | 20.4291642122 |
|  2422 |   426 | 2.13245110387 | 20.5920025671 |
|  2422 |   441 | 4.40361378068 | 21.1542146578 |
|  2423 |    52 | 3.15991350431 | 20.4844508008 |
|  2424 |   256 | 3.04654431247 | 20.5993656379 |
|  2425 |   600 |  2.9100679127 | 21.0163599396 |
|  2426 |    52 | 2.52601617793 | 20.7267728909 |
|  2426 |   160 | 2.21798711318 | 20.8436256787 |
|  2428 |    51 | 2.21428440046 | 20.7744188901 |
|  2428 |   197 | 2.37352785604 | 20.5716257992 |
|  2428 |   197 | 2.47603627978 | 20.6482668015 |
|  2428 |   414 | 3.23725207054 | 20.5362546189 |
|  2428 |   414 | 3.60345922316 | 20.8258072611 |
|  2429 |   217 | 2.83428420543 | 20.8691227298 |
|  2430 |   245 | 2.82018416956 | 20.5259482204 |
|  2431 |   242 | 3.03073550218 | 20.4899864905 |
|  2431 |   497 | 2.82370431005 | 21.1442265869 |
|  2432 |   509 | 2.42361011309 | 20.5714837325 |
|  2432 |   509 |  2.7686369386 | 20.7242802277 |
|  2434 |   208 | 2.96902926008 | 20.7389253876 |
|  2437 |   452 | 2.87868312401 |  21.213671324 |
|  2437 |   461 | 3.08586770442 | 20.7311687078 |
|  2438 |   614 | 3.02517068022 |  20.544671301 |
|  2440 |   437 | 2.98918613191 | 20.3492343554 |
|  2440 |   437 | 3.59181413474 | 20.6705523519 |
|  2443 |   402 | 2.75650784875 | 20.3937300967 |
|  2462 |   148 | 2.19436324829 | 21.3334228537 |
|  2462 |   197 | 2.39534805834 | 21.3624439231 |
|  2462 |   640 | 2.25899955062 | 20.6719915492 |
|  2467 |   432 | 2.19362780365 | 20.6194087084 |
|  2472 |   638 | 2.31424264055 | 20.7856674153 |
|  2477 |   132 | 2.73752667195 | 21.2111332254 |
|  2477 |   429 | 3.51215801937 | 20.5532589464 |
|  2479 |   140 | 3.09340108725 | 21.1589143194 |
|  2479 |   140 | 3.59392923027 |  20.764793623 |
|  2482 |    38 | 3.11987747744 | 20.4032159975 |
|  2482 |    38 | 3.66212915464 | 20.8264812638 |
|  2482 |   323 | 3.41859605607 | 20.3594694748 |
|  2482 |   535 | 2.58908960121 |  20.470555928 |
|  2483 |   188 | 2.53740105152 | 20.5982380165 |
|  2483 |   425 | 2.16361991367 | 20.4538829023 |
|  2483 |   512 | 3.05867522591 | 20.5539607268 |
|  2483 |   512 | 3.29125478384 | 20.6320697601 |
|  2485 |   456 |  3.0886910969 | 20.4113614226 |
|  2488 |   173 | 3.42572373415 | 20.6401353005 |
|  2488 |   305 | 3.56335547436 |  21.254118772 |
|  2488 |   611 | 2.64404977585 | 20.4539839644 |
|  2489 |   467 | 3.49349539112 | 20.7999534384 |
|  2489 |   610 |  3.4945301758 | 20.3422567694 |
|  2490 |   492 | 3.50696619471 | 20.6684024599 |
|  2492 |    75 | 2.18408241746 |  20.323493328 |
|  2493 |    30 | 2.71692930133 | 20.5082328314 |
|  2493 |   133 | 2.40631102802 | 20.8494609291 |
|  2493 |   332 |  2.6056560861 |  20.339874871 |
|  2494 |    18 | 3.39424533738 | 20.7957049848 |
|  2494 |   528 | 3.73788265939 |    20.9808096 |
|  2495 |    59 | 3.43082197111 | 20.3755821156 |
|  2496 |   208 | 2.64992802617 |  20.552194608 |
|  2496 |   249 | 3.67287647229 | 20.3370111635 |
|  2496 |   336 | 3.40133373509 | 20.6573014347 |
|  2496 |   564 | 3.40437511906 | 20.4853533178 |
|  2498 |   431 | 2.55864200393 | 20.3033701514 |
|  2499 |   401 |  2.6786146881 | 20.6576901584 |
|  2501 |    11 | 2.67184466676 | 20.3189365175 |
|  2502 |   272 | 2.46804161819 | 20.5342496294 |
|  2504 |   301 | 3.68041433245 | 20.4385618625 |
|  2506 |   237 | 2.87600474981 | 20.5405886829 |
|  2506 |   580 |  2.4856542045 | 20.4366160054 |
|  2508 |   171 | 2.20320180542 | 20.5807242427 |
|  2508 |   602 | 3.88634695247 | 20.3794241205 |
|  2508 |   638 | 2.20541526325 | 20.9306001175 |
|  2509 |    55 | 3.43286290995 | 20.4114268865 |
|  2511 |   137 | 4.10839299373 |  20.334394669 |
|  2512 |   338 | 4.06155896525 | 20.5159019377 |
|  2513 |    71 | 4.45486868874 | 20.5168562418 |
|  2513 |   198 | 3.05400519218 | 21.3421366658 |
|  2513 |   313 | 3.18200262016 | 20.9840212013 |
|  2514 |   369 | 2.94443042998 | 20.9008083049 |
|  2515 |    13 |  3.2177836657 | 20.4448438327 |
|  2516 |    99 | 2.16143531708 | 20.6999424028 |
|  2517 |   298 | 2.90107500605 | 20.7465073132 |
|  2518 |    23 | 2.98092779539 | 20.9187907261 |
|  2519 |   316 | 3.37909433159 | 20.5267699001 |
|  2520 |   181 | 3.60239935953 | 20.7773165378 |
|  2520 |   453 | 4.46996189035 |   20.31144906 |
|  2520 |   593 | 2.71521798621 | 20.8142749535 |
|  2520 |   593 |  2.9864314513 |  20.788571295 |
|  2523 |     5 | 3.00483198284 | 20.3038122918 |
|  2523 |     5 | 3.41757875386 | 20.7948837398 |
|  2523 |    69 | 3.35195404353 | 20.3213368188 |
|  2523 |   350 | 2.90556887101 | 20.7481698496 |
|  2526 |    81 | 2.41967080437 | 20.3477869137 |
|  2527 |   305 | 3.44308171432 | 20.4678836083 |
|  2530 |   160 | 3.74006503746 | 20.5276019134 |
|  2530 |   275 | 4.24184651785 | 20.5323642845 |
|  2531 |   568 | 3.22458741146 | 20.3611670872 |
|  2548 |   584 | 2.45767604067 | 20.5744802668 |
|  2549 |   361 | 2.32417822693 | 20.9277569924 |
|  2549 |   361 | 2.59819172611 | 20.6076434853 |
|  2560 |    78 | 2.39847673006 | 21.0200942732 |
|  2560 |   502 | 2.22243599914 | 20.3956323385 |
|  2567 |   385 | 2.53333081153 | 20.3819575944 |
|  2567 |   512 | 2.39300344489 | 20.5479930577 |
|  2567 |   557 | 2.57671470788 | 20.7511311599 |
|  2571 |   111 | 2.99194271605 | 20.8760342073 |
|  2571 |   247 | 2.90556887101 | 20.6563560542 |
|  2572 |   151 | 3.06241512596 |  20.413918715 |
|  2572 |   290 | 2.57918626842 | 20.6182404162 |
|  2572 |   290 |   2.810520484 | 20.8568111027 |
|  2574 |   140 | 3.64712442367 | 21.0470297237 |
|  2577 |   251 | 2.95716628812 | 20.5276458868 |
|  2577 |   326 | 2.96354962958 | 20.8103591652 |
|  2578 |   138 | 3.39019995111 | 20.5925154802 |
|  2578 |   138 | 3.78723007874 | 20.8055964398 |
|  2578 |   554 | 3.23237656092 | 20.7211056441 |
|  2579 |    13 | 2.74614256075 | 20.4796312242 |
|  2579 |   405 | 3.23335121385 | 20.4319668463 |
|  2579 |   560 | 2.23805559192 | 20.7185258334 |
|  2579 |   577 | 3.33994574783 | 20.3245250632 |
|  2580 |   619 | 3.10000419032 | 20.6233947048 |
|  2581 |   271 | 3.83486442604 | 20.5946987287 |
|  2582 |   587 | 3.01406407402 | 20.7158232856 |
|  2583 |    39 | 3.07084250595 | 20.3254773529 |
|  2585 |   385 | 3.44615194673 | 20.5376721654 |
|  2585 |   633 | 3.53716215141 | 20.6080358183 |
|  2587 |   102 | 2.25000703143 |   20.78717247 |
|  2587 |   372 | 3.34694655437 | 20.8213623285 |
|  2589 |   628 | 2.19657059855 | 20.3828663436 |
|  2589 |   628 | 2.73666617371 |  20.317316072 |
|  2590 |   577 | 2.34644969237 | 20.3790317799 |
|  2590 |   577 |   2.929925347 | 20.6144260441 |
|  2592 |   397 | 2.26801695142 |  20.411259956 |
|  2592 |   406 | 4.37630997814 | 20.4785399613 |
|  2592 |   589 | 3.34494517237 | 20.4718928452 |
|  2596 |   161 | 2.51628688289 | 20.5097959789 |
|  2596 |   276 | 2.50496996375 | 20.7234342544 |
|  2597 |   162 | 3.02795213019 | 20.4181025558 |
|  2597 |   227 | 3.13889396785 | 20.5008251132 |
|  2599 |   441 | 4.75949360742 | 20.8462183189 |
|  2600 |   416 | 2.74700524127 | 20.5680928652 |
|  2601 |   389 | 3.11798064054 | 20.4671684482 |
|  2601 |   389 |  3.2617139937 | 20.9905577461 |
|  2601 |   534 | 3.44103607064 |  20.481737942 |
|  2601 |   534 | 4.53967518067 | 20.7593237853 |
|  2602 |   155 | 2.38208330472 | 20.3626961573 |
|  2603 |    64 | 3.64605450691 | 20.7841665332 |
|  2603 |    64 | 3.94406646582 | 21.1563384707 |
|  2604 |   287 | 2.80788917862 | 20.8209263074 |
|  2604 |   287 | 3.51735582479 | 20.7329998003 |
|  2606 |   501 | 3.01221595478 | 20.6146736364 |
|  2607 |   432 | 3.12937477588 | 20.6297309509 |
|  2607 |   609 | 3.33295621618 | 20.5361206926 |
|  2608 |   267 | 3.35095208444 | 20.7306156196 |
|  2609 |   622 | 2.18921869019 | 20.8673329895 |
|  2610 |    62 | 3.32597794124 | 20.3467623573 |
|  2610 |   632 |  4.3098750382 | 20.6605279786 |
|  2614 |   120 | 3.07365551579 | 20.5378197168 |
|  2614 |   120 | 3.32896725329 |   21.01508468 |
|  2614 |   599 | 3.69660785999 |  20.633120518 |
|  2617 |    12 | 2.42124598365 | 20.4582477911 |
|  2618 |   580 |  3.3579706454 | 20.5384184637 |
|  2619 |   397 | 3.48006485022 | 20.5301566396 |
|  2628 |   549 |  2.1826164309 | 20.4865770947 |
|  2634 |   588 | 2.27027519744 |  20.764653278 |
|  2635 |   104 | 2.19215742228 | 20.4423296878 |
|  2635 |   261 | 3.04002730714 |  20.479786431 |
|  2635 |   621 | 2.34876213652 | 20.5440052722 |
|  2636 |   186 | 2.64572830925 | 20.3827202782 |
|  2636 |   600 | 2.71350745899 |  20.835335676 |
|  2637 |   536 | 2.34336891727 | 20.6111205974 |
|  2638 |   265 | 2.48725977725 | 20.5248056169 |
|  2638 |   627 | 2.35880120701 | 20.7113858749 |
|  2639 |   402 | 3.01129221427 | 20.7174019181 |
|  2642 |   407 | 4.02671543842 | 21.1270898132 |
|  2642 |   617 | 3.42368608227 | 20.4606804209 |
|  2643 |    33 | 2.96628849853 | 20.4890694143 |
|  2643 |   505 | 2.59902033577 | 20.6475454369 |
|  2643 |   519 | 3.04747617101 | 20.7346602908 |
|  2646 |   424 | 3.12652328982 | 20.4803171894 |
|  2646 |   497 | 2.85286951105 |  20.304275098 |
|  2646 |   497 | 3.76742973156 | 20.3464942261 |
|  2648 |   251 | 2.25899955062 |  20.342729826 |
|  2648 |   333 | 2.17383467475 | 20.5207080504 |
|  2649 |   257 |  3.5111191762 | 20.5620032678 |
|  2649 |   467 | 2.88315119451 |  20.677766005 |
|  2650 |   366 | 3.41046419337 |  20.608941624 |
|  2650 |   374 | 3.89761114552 | 21.0679561425 |
|  2650 |   381 |  4.2141593628 | 20.7191893068 |
|  2650 |   381 | 4.74492416972 |  20.533458445 |
|  2650 |   468 | 2.67522811858 | 20.4961560918 |
|  2651 |   381 | 2.34953330628 | 20.7966859818 |
|  2654 |   475 | 3.08680861855 | 20.7693196683 |
|  2657 |   154 | 2.89389557485 | 20.6091145125 |
|  2660 |   345 | 2.71436262413 | 20.4767819646 |
|  2661 |   282 | 3.45229877775 | 20.3156821111 |
|  2661 |   574 | 2.50981560518 | 20.5683305695 |
|  2661 |   633 | 2.45847229167 | 20.3150157144 |
|  2662 |   517 | 2.35030465363 | 20.5591771701 |
|  2663 |    15 | 3.30015688606 | 21.3669794782 |
|  2663 |   122 | 4.61673973897 | 20.4373315586 |
|  2663 |   410 | 2.40004214685 | 20.3281714144 |
|  2664 |   144 | 2.84666442118 | 20.4599102934 |
|  2664 |   144 | 3.52464281316 |  20.490468552 |
|  2664 |   158 | 3.18682010123 | 20.7961891073 |
|  2665 |   276 | 4.00246778549 | 20.3596951287 |
|  2666 |   119 | 4.50914623658 | 20.5390614201 |
|  2666 |   119 | 5.00736888196 | 20.8088328184 |
|  2666 |   234 | 3.73025224584 | 20.8338073874 |
|  2666 |   342 | 3.17719068222 |  20.945800174 |
|  2666 |   342 | 3.79164131172 | 20.6941739323 |
|  2690 |   253 | 2.17310395644 | 20.3238919509 |
|  2695 |   101 | 2.56028119654 | 20.6672805639 |
|  2695 |   362 |  2.5365866286 | 20.3563199661 |
|  2700 |   632 | 2.15489057439 | 20.5061962051 |
|  2707 |    87 | 2.21650551652 | 20.3784628048 |
|  2742 |   282 | 4.70012396327 | 20.6123299515 |
|  2743 |    69 | 2.36731930811 | 20.6198126678 |
|  2743 |   283 | 2.17091281076 | 20.3144559822 |
|  2744 |   537 | 2.62396755293 | 20.5321881656 |
|  2745 |   369 | 2.93535849173 | 20.5534156431 |
|  2745 |   369 | 3.61194692349 | 20.4707107382 |
|  2746 |   469 | 2.13461567197 | 20.3049234543 |
|  2747 |   369 | 3.70851871095 | 20.5597179887 |
|  2748 |    18 | 2.15707064848 | 20.6809638509 |
|  2748 |    57 |  3.0802267671 | 20.6593943517 |
|  2748 |    57 | 3.40843356715 | 20.5150827186 |
|  2748 |   197 |  3.3660057223 | 20.6313670969 |
|  2748 |   197 | 3.53298519449 | 20.3451747571 |
|  2748 |   450 | 2.88941514154 | 20.5584061716 |
|  2751 |   420 | 3.26760583817 | 20.6088102341 |
|  2751 |   420 | 3.64070861692 | 20.4254517009 |
|  2752 |   555 | 2.37585901158 | 20.6195144619 |
|  2753 |   579 | 4.62709569118 | 20.7717558219 |
|  2754 |   488 | 2.95534436524 | 21.2129918421 |
|  2755 |   143 | 4.76480074072 | 20.3824703586 |
|  2755 |   591 | 2.88404542607 | 20.3291263553 |
|  2757 |     1 | 3.35095208444 | 20.3270667106 |
|  2761 |   147 | 3.07271762993 | 20.8587417909 |
|  2761 |   271 | 3.33794758909 | 20.4520046696 |
|  2761 |   611 | 2.63148538423 | 20.3039216476 |
|  2761 |   611 | 3.16278806348 | 20.4811585536 |
|  2762 |   454 |  2.7930127327 | 20.4090480731 |
|  2763 |   517 | 2.47123727399 | 20.3507804864 |
|  2764 |   449 | 2.21724622956 | 20.4979739888 |
|  2766 |    90 | 2.15343802808 | 20.5076356829 |
|  2766 |   227 | 2.61813111224 | 20.4345443685 |
|  2766 |   227 | 3.15321391662 | 20.9213887744 |
|  2767 |   622 | 3.23530119309 | 20.6245767383 |
|  2770 |   610 | 2.95990074609 |  20.548198854 |
|  2771 |    76 | 2.62981340843 | 21.0511283656 |
|  2772 |   263 | 2.32724131861 | 20.7883794484 |
|  2773 |   338 | 2.84577879593 | 20.3795359945 |
|  2773 |   583 | 4.15447337413 | 20.4330849103 |
|  2774 |   187 | 4.18542432428 | 20.4728538061 |
|  2776 |   277 | 2.28158985629 | 20.5214154197 |
|  2776 |   622 |  4.7954117982 |  20.644268692 |
|  2779 |   289 |  3.4564013855 | 20.4672815336 |
|  2781 |   514 |  3.9429281835 | 20.3297205383 |
|  2782 |   165 | 4.70931888584 | 20.7672828599 |
|  2784 |   312 | 2.49127694547 | 20.4842770089 |
|  2785 |   215 | 3.20517719544 | 20.8152859087 |
|  2785 |   232 | 3.06335063931 | 21.2605939098 |
|  2787 |    31 | 3.26564098551 | 20.4902275132 |
|  2787 |    31 | 3.48212847146 |  20.557633629 |
|  2788 |   506 | 2.89210278251 | 20.4227725505 |
|  2788 |   555 | 4.51676266341 |  20.706602337 |
|  2788 |   555 | 5.18136374489 | 20.7383301085 |
|  2793 |    37 | 2.99470120503 | 20.3017574025 |
|  2793 |    46 |  3.0886910969 | 20.7722136655 |
|  2795 |   125 | 2.72635563461 | 20.6582172744 |
|  2822 |   315 | 2.47283620597 | 20.6527762176 |
|  2822 |   423 |  2.5325173257 | 20.4027474437 |
|  2824 |   293 | 2.39769429196 | 20.5826362186 |
|  2824 |   554 | 2.14473678355 | 20.6907568382 |
|  2825 |   164 | 2.45210741435 |  20.451746367 |
|  2867 |    21 | 2.49771404223 | 20.3007423191 |
|  2871 |   624 | 2.24327892928 | 20.3103547306 |
|  2873 |   496 | 2.36964617347 | 20.3698426488 |
|  2876 |   508 | 2.45767604067 | 21.2613203878 |
|  2877 |   236 | 2.26952227543 | 21.0666545742 |
|  2885 |   621 | 3.52776940545 | 20.3433424943 |
|  2918 |   124 | 2.13389398312 |  20.413068802 |
|  2918 |   141 | 2.31500586098 | 20.4299243038 |
|  2922 |    61 | 2.42518710691 | 20.4839628683 |
|  2923 |   485 | 2.52195903771 | 21.3110288595 |
|  2924 |   187 | 2.17602783948 |  21.113818716 |
|  2925 |    46 | 2.54963992554 | 20.3409598174 |
|  2925 |    93 | 2.45051802613 | 20.4814190163 |
|  2925 |   622 | 2.62313319962 | 20.3428565204 |
|  2930 |    88 |  2.6098096416 | 20.5037037058 |
|  2935 |     3 | 2.66339965838 | 20.3289618558 |
|  2936 |   434 | 2.72035429676 | 20.7876012954 |
|  2944 |   191 |   2.538215662 |  20.555437969 |
|  2944 |   551 |  2.2187281674 | 20.8483204034 |
|  2945 |   176 | 2.22169409125 | 20.9278730016 |
|  2945 |   468 | 2.55209277702 | 20.4219188124 |
|  2946 |   327 | 2.65160926723 | 20.8405012435 |
|  2946 |   496 |  2.1811511193 | 20.3668626946 |
|  2947 |    60 | 2.23432978781 | 20.5819736096 |
|  2948 |   462 | 2.76776927777 | 20.5399692161 |
|  2950 |    96 | 2.94988362807 | 20.9142950223 |
|  2952 |    34 | 2.56192114421 | 20.4304245416 |
|  2955 |   177 | 2.45926872604 | 20.6780458876 |
|  2955 |   581 | 2.15634378978 | 20.5822688509 |
|  2956 |   570 | 3.40640387586 | 21.0585041378 |
|  2956 |   570 | 4.25030218884 | 20.8361229185 |
|  2958 |     3 | 2.31882460034 | 20.6945327766 |
|  2958 |    35 | 2.49047314179 | 20.5628160008 |
|  2958 |    97 | 2.14256522645 | 21.2781946785 |
|  2958 |   174 | 2.29218552115 | 20.4916086855 |
|  2958 |   262 | 2.35339181972 |  20.302284864 |
|  2958 |   262 | 2.98092779539 | 20.5108042237 |
|  2958 |   262 | 3.17622895924 | 20.3002151076 |
|  2958 |   309 | 2.54392319033 | 20.9896675531 |
|  2958 |   337 | 2.39534805834 | 20.5148720441 |
|  2958 |   337 | 2.76776927777 | 20.4345674348 |
|  2959 |    63 | 2.36267039666 | 20.4611585157 |
|  2959 |   540 | 2.70752681327 | 20.5930215775 |
|  2959 |   609 |   2.566024319 |  20.494201708 |
|  2959 |   609 | 3.22361477624 | 20.3316779452 |
|  2960 |    25 |  3.1255732321 | 20.5956323351 |
|  2960 |   262 | 2.23656475552 | 21.0299982176 |
|  2960 |   357 | 2.80263201766 | 20.7613493843 |
|  2960 |   398 | 2.30129474498 | 20.4602986556 |
|  2960 |   513 | 2.52926525487 | 20.8217363581 |
|  2960 |   594 | 2.17968648234 | 20.6367621378 |
|  2961 |   123 | 2.58908960121 | 20.3731537462 |
|  2961 |   618 | 2.34106019733 |  20.456688872 |
|  2961 |   631 | 3.27350582815 | 20.6884210109 |
|  2967 |   554 | 3.13698837555 | 20.5002157656 |
|  2968 |   421 | 3.32299069342 | 20.3593953347 |
|  2968 |   597 | 2.99102364309 |  20.386706873 |
|  2969 |   491 |  3.2617139937 | 20.4422520787 |
|  2972 |   271 | 2.95079322711 | 20.4930004425 |
|  2974 |   283 | 3.79605660947 | 20.3493355873 |
