#Plate	Fiber		
269	467	21	2.54
269	467	21.35	2.685
271	18	20.25	2.7764
271	500	20.35	3.7149
273	445	20.4	2.4022
273	631	20.2	2.9303
274	172	20.7	3.5454
274	390	21	2.8199
275	538	20.7	3.2219
276	313	20.65	3.888
277	363	21.15	4.0215
278	203	20.95	3.0965
278	208	20.8	2.94
278	584	20.45	3.7942
278	584	20.55	3.9581
279	245	20.05	4.2645
282	235	20.2	3.6098
282	503	20.5	3.6845
282	535	19.9	2.3623
283	232	20.35	2.2578
286	183	20.7	4.6743
286	585	20.45	2.608
289	88	20.4	2.2628
289	216	20.65	2.291
293	127	20.3	4.0215
293	581	21.3	4.1871
295	392	20.2	2.6688
296	329	21.55	2.5381
301	460	20.3	3.0202
308	100	20.8	2.7639
309	423	20.4	2.444
309	466	20.15	2.5644
310	350	20.15	2.7671
310	553	20.3	2.2071
313	213	20.5	2.5499
332	83	20.95	3.5132
332	534	20.1	2.5574
333	154	20.2	2.5652
334	504	20.65	2.7009
334	629	20.3	3.6702
336	73	21.45	1.7789
338	250	20.5	2.4335
339	219	20.95	3.4668
339	277	20.5	3.0525
339	334	20.75	2.5262
339	523	20.6	2.773
345	537	21.4	2.2755
351	177	20.55	3.1316
352	201	20.2	3.6188
353	177	20.15	4.0172
355	50	20.1	2.2027
355	310	21.05	2.359
355	415	20.6	2.2535
355	538	20.4	3.0463
358	605	20.35	3.1352
360	21	19.85	2.7734
366	36	20.85	4.7433
367	275	21.45	2.6033
367	275	19.95	2.8611
367	275	20.3	2.8734
374	465	20.05	2.2924
375	111	20.55	4.2189
375	608	20.15	2.4881
377	321	20.8	2.8178
377	560	20.4	3.3654
378	226	20.2	2.5074
381	298	20.65	3.1187
382	58	20.05	3.0017
384	24	19.9	2.372
385	215	20.15	3.2057
386	137	20.55	2.4261
386	137	21.2	2.6146
387	246	20.45	2.4801
393	588	20	2.4687
396	553	20.95	3.0741
397	333	20.6	2.757
397	333	20.95	2.901
399	245	19	2.8215
399	375	20.3	3.0773
401	500	20.4	3.3482
405	263	20.35	4.568
406	572	21	2.714
408	134	20.35	3.0192
410	466	20.65	3.254
410	466	21.4	3.9148
412	446	20.2	3.1142
412	621	20.15	2.6345
416	228	20.9	2.2287
417	492	20.95	3.3583
418	452	20.35	3.479
418	452	21.15	3.8154
420	121	20.75	2.6285
424	213	20.3	2.3486
424	376	20.45	3.5194
424	630	20.85	3.2355
425	278	20.3	2.4416
425	554	20	2.4754
425	554	20.15	2.9766
428	139	20.6	2.5947
429	200	20.55	3.1393
430	549	20.6	3.6579
431	217	20.8	3.5913
432	31	20.15	3.4447
433	490	20.35	2.5456
435	391	20.2	2.7924
435	510	20.35	2.3013
436	253	20.2	3.6116
437	532	20.5	2.4225
437	532	20.2	2.7688
437	563	20	3.8168
438	397	20.7	3.2228
439	48	20.45	2.2589
439	113	20.8	3.2081
439	528	19.85	2.9555
440	52	20.4	2.7066
440	52	20.8	3.4358
442	302	21.35	3.7076
442	528	20.8	2.8333
442	550	20.85	3.318
442	640	20.1	2.8053
444	194	20.45	3.8677
444	194	20.1	4.1684
444	497	20.4	3.5403
444	497	19.65	3.9712
444	627	20.3	2.8622
445	638	20.3	2.7734
446	634	20.65	3.1524
447	272	21.45	2.7753
449	623	21.4	2.2914
450	41	20.5	2.8942
450	590	20.2	2.8812
451	130	20.4	2.387
451	312	20.55	2.8894
452	63	20.4	2.7995
452	558	20.25	2.2751
453	439	20.1	3.9766
453	500	20	3.3522
453	500	20.2	3.35
454	610	20.45	4.883
455	344	21.75	2.2982
455	429	20.95	2.3189
457	330	20	4.3894
457	453	20.45	2.612
459	460	19.9	3.6379
459	537	19.75	2.2699
460	420	20.3	3.3575
460	420	20.2	3.763
461	209	20.5	4.1916
461	541	21.6	3.9349
462	552	20.15	3.5111
467	41	19.5	4.0604
467	212	21.6	2.2998
469	267	20.35	3.6905
472	576	20.75	3.2727
473	447	20.7	2.3515
475	90	20.7	3.2473
477	284	20.2	3.0921
477	456	20.7	2.5654
483	251	20.3	2.4778
484	163	20.45	3.948
484	608	20.35	2.3293
485	541	20.8	3.0011
485	541	20.55	3.637
486	37	20.65	3.6212
487	26	20.2	2.7281
487	388	20.9	2.496
489	77	20.15	4.0172
489	165	20.6	3.862
490	320	20.85	2.4585
492	280	20.4	2.8154
493	8	20.35	2.613
493	507	20.4	2.2213
493	507	20.35	2.264
494	542	20.3	4.2545
494	542	20.6	4.3723
495	216	20.45	2.7773
497	196	20.7	3.0337
497	506	20.7	2.365
498	144	20.2	2.9349
498	398	20.3	3.069
503	510	20.35	2.2217
504	34	20.3	2.21
504	588	20.95	2.432
505	141	20.45	2.704
506	134	20.3	2.8883
506	137	20.75	2.2667
506	220	21.05	2.8944
506	422	20.4	3.31
509	251	20.35	2.9317
513	93	21.35	3.4582
513	428	20.65	3.915
515	236	20.5	2.2032
516	139	21	2.6844
517	196	20.3	2.7544
517	259	20.7	3.2855
517	259	20.8	3.3302
518	495	20.3	2.191
519	578	20.65	2.5095
520	215	19.85	2.9773
520	215	19.9	3.1427
525	389	20.7	2.2454
527	478	20.4	2.5208
529	204	20.65	3.633
529	204	20	4.3422
530	240	20.5	3.207
531	50	20.3	2.431
531	308	20.8	2.5624
532	171	20.5	2.6773
532	218	20.6	2.7113
532	311	20.95	3.2773
532	328	20.3	4.4624
535	357	20.2	2.9975
536	247	20.3	2.9496
538	434	21.45	3.2529
541	151	20.3	2.8924
541	305	20.45	2.8923
541	374	20.15	3.8171
541	565	19.75	3.4645
542	165	20.3	2.9946
542	165	21.1	3.2283
542	609	20.8	3.8893
542	609	21	3.996
545	530	20.4	3.1123
547	356	20.2	3.4352
548	167	20.25	2.7628
548	167	21.35	3.4595
548	167	20.5	3.7062
548	294	20.35	2.2553
549	3	20.5	3.7257
549	3	20.15	3.8977
550	178	20.05	2.2072
550	460	20.6	2.9691
553	127	20.15	3.1985
553	127	20.1	3.4227
556	470	20.2	2.8114
556	474	20.4	2.4362
556	522	20.25	3.1581
558	385	20.8	3.2658
559	1	21.3	2.2692
559	1	20.6	2.5866
559	153	19.95	2.6644
560	90	20.2	2.71
561	80	20.2	2.6277
564	632	20.05	2.7609
565	437	20.5	2.3804
565	437	20.05	2.6213
566	83	20.95	2.9604
566	83	21.25	3.4071
568	234	20.6	2.2244
569	23	20	2.2664
569	124	20.75	3.0542
569	182	20.65	2.5941
570	251	20.45	2.4896
570	427	20.3	2.3047
573	318	20.3	3.0774
573	401	20.55	2.5994
573	401	20.5	2.9345
573	420	19.4	2.2437
575	317	19.95	2.2143
575	410	20.95	3.1742
575	466	20.4	2.7416
580	535	21.5	4.3428
582	188	20.9	2.7076
583	168	19.95	2.2434
586	440	20.4	2.2702
586	490	20.4	2.8401
587	383	20.85	2.3937
588	495	19.6	2.2493
588	594	20.35	2.6732
589	539	20.4	2.6184
591	567	20.6	2.7264
593	275	21.15	2.2628
598	50	20.2	3.5097
599	146	20.85	2.5364
599	249	21	3.8439
599	608	20.2	3.779
600	184	20.95	2.309
600	382	20.1	2.8132
600	556	20.5	2.6406
600	560	19.7	2.2088
600	579	20.25	3.0898
602	289	20.15	2.3336
603	338	20.4	2.5431
603	536	20.8	2.9513
604	535	21.5	3.555
605	202	20.95	2.8463
606	43	20.95	2.6071
606	43	20.8	2.7148
606	93	20.25	3.7102
606	93	20.5	4.115
607	259	20.3	2.8267
608	82	20.65	2.818
608	129	20.4	2.2076
608	129	20.4	2.208
608	537	20.4	3.5518
609	264	20.35	2.7882
609	381	20.35	3.0624
610	406	20.2	2.8591
617	40	20.25	3.5551
625	524	20.3	2.581
626	455	20.05	2.2012
627	155	20.8	2.2005
627	585	20.75	2.2554
628	203	20.55	2.6969
628	203	20.65	3.0174
629	279	20.5	3.6418
631	127	20.35	4.5742
631	498	20.15	3.4539
632	108	20.95	3.3479
634	275	21.2	2.2798
635	537	20.3	2.6824
636	610	20.9	2.2096
637	370	21.05	3.0921
638	101	20.75	2.4886
638	622	21.15	3.9339
638	622	20.85	4.1268
644	458	20.45	2.3274
645	129	20.25	3.4315
645	129	20.65	3.6106
647	386	20.35	3.0569
648	19	20.55	2.9979
650	111	21.2	3.2674
654	545	20.55	2.3376
655	482	20.55	4.7398
655	562	20.65	3.6069
656	591	20.7	3.2858
663	410	20.7	2.6773
663	536	20.7	3.6966
664	161	20.25	3.6804
667	82	20.25	2.2738
667	265	20.3	2.4702
667	557	20.1	2.2684
716	350	21.45	2.9389
720	203	20.5	2.3542
720	495	20.85	2.965
721	61	20.2	2.978
721	517	20.7	2.516
722	190	20.65	2.8691
724	446	19.8	3.068
726	452	20.3	3.5252
726	601	20.25	3.1627
727	363	20.05	3.6081
727	363	20.05	4.249
731	179	20.15	2.6302
732	175	20.3	2.426
732	175	19.8	2.4369
733	5	19.75	3.2713
733	8	20.7	2.4829
735	460	20.5	2.4775
736	610	19.8	3.0723
738	247	20	3.0606
738	405	20.3	2.7574
739	59	20.4	3.7174
739	59	20.2	3.89
739	89	21.15	2.418
739	310	20.1	2.5521
739	310	19.95	3.1508
739	465	20.55	3.2587
739	465	21.9	3.5616
739	557	19.9	3.4577
739	557	20.2	3.6555
739	557	21.15	4.2833
739	584	20.2	2.5244
740	137	20.3	3.0164
740	233	21.25	3.6056
740	627	21	4.7486
741	341	19.95	2.5669
741	399	20.8	2.9026
741	502	20.4	2.652
744	320	20.15	3.5363
745	232	20.6	2.573
745	355	20.3	3.2738
748	187	20.5	2.677
748	626	20.4	2.6693
748	626	20	3.0953
751	39	21.65	3.4523
751	39	20.6	3.6118
751	207	20.3	3.4896
752	204	20.1	2.6123
752	204	21.55	3.2808
752	220	20.55	3.0217
752	378	20.5	4.3175
752	378	21.1	4.3592
753	69	20.7	3.3882
753	69	20.1	3.9039
753	391	20.4	3.971
754	319	20.55	2.6859
754	559	20.1	3.3546
756	260	20.45	2.9755
756	350	19.9	2.7513
757	86	20.05	3.0076
758	83	20.4	3.3554
759	1	20.1	2.2007
759	448	20.95	2.6508
759	448	20.85	3.0415
760	41	20.45	3.6126
761	558	19.65	3.139
762	288	20.95	2.56
762	288	20.35	3.3264
763	40	20.8	2.4396
763	431	20.05	2.6949
763	474	20.3	2.9515
763	474	20.85	3.3345
764	115	20.75	3.4255
764	435	20.55	2.9803
765	306	20.95	3.2054
767	623	20.45	3.1055
768	498	20.9	3.1726
770	117	20.7	3.8726
770	291	20.35	3.5438
770	291	20.5	3.846
770	291	20	4.0447
771	155	20.6	2.7681
771	349	21	2.3384
772	227	20.2	3.4032
772	227	20.35	3.7855
772	589	20.2	3.7788
773	43	20.9	2.7867
774	230	21.2	2.2532
776	250	20.5	2.8754
778	38	21.25	3.7445
778	504	20.7	2.4433
778	628	20.25	3.3171
779	298	19.95	4.0924
779	460	20.6	2.9917
780	394	20.05	2.917
780	546	20.05	2.24
781	464	20.25	3.0337
781	464	20.1	3.2769
782	555	20.6	2.6568
784	292	20.2	3.402
784	453	20.3	4.1307
786	310	20.55	2.8082
787	48	21.75	3.7789
787	271	20.75	2.7558
788	258	20.85	2.3802
788	267	21.05	2.9864
788	362	20.3	4.6626
789	261	20.25	2.9782
789	309	20.35	2.8813
789	368	20.95	2.2467
792	382	20.3	2.2508
792	606	20.25	2.7363
794	163	20.55	2.7646
794	163	20.65	3.1792
794	402	20.6	2.8948
794	402	20.65	3.0147
794	407	20.05	2.7035
794	598	21.75	2.3164
796	66	19.7	2.2599
796	415	20.35	3.2863
796	457	20.1	2.6549
812	97	21.5	2.3908
813	621	20.9	2.5074
814	289	20.7	3.9811
816	297	19.85	2.2696
817	98	20.7	2.852
817	148	20.2	3.2408
817	540	20.65	3.3736
818	438	20.05	3.5214
819	63	20.95	2.4072
820	631	20.25	2.4184
825	607	20.95	2.6783
825	607	20.2	3.3152
826	45	20.35	2.9145
826	45	21.15	3.0037
826	305	20.35	4.3034
826	589	20.25	3.2053
826	589	21.1	3.6562
826	638	20.55	3.2105
827	534	20.6	2.9268
827	551	20.55	2.7339
829	439	20.5	3.3883
829	612	20.25	2.3387
830	161	20.55	3.442
830	431	20.2	2.9063
831	43	19.75	3.5665
831	201	20.3	3.2459
831	283	21.15	2.6865
831	283	20.35	3.0347
831	474	20.5	4.2639
832	176	20.1	2.9452
832	566	20.85	2.2009
834	391	20.1	3.0634
835	100	19.9	2.5285
835	100	20.8	2.7566
836	131	20	3.1869
836	313	20.5	3.1777
836	471	20	3.2646
836	603	20.8	3.1462
837	286	20.8	2.6339
838	412	20.35	2.8851
839	453	20.6	2.1941
840	441	20.05	2.6624
840	441	20.7	2.9287
841	344	20.35	2.6083
841	344	21.05	3.3268
841	410	20.85	2.8042
842	21	20.7	2.3762
844	419	20.1	2.1958
844	604	20.3	2.7894
844	604	20.05	3.0495
845	185	20.15	2.6042
847	180	20.2	2.4222
847	370	20.25	3.5781
848	146	20.95	3.0232
848	321	20.15	2.2143
848	550	20.8	3.047
848	639	20.15	2.6783
848	639	20.2	2.9368
849	489	20.75	3.4304
849	584	20.3	3.6415
849	584	21.1	3.679
850	391	20.6	3.0482
851	401	20.05	2.1742
852	10	21.5	2.3226
852	557	20.2	2.7328
852	630	20.05	2.2194
853	606	20.45	2.5849
856	196	20.4	2.8535
857	101	21.2	2.9561
858	396	20.45	2.8809
858	443	20.05	3.3475
859	453	21.05	2.8226
859	539	20.35	3.0055
860	441	20.25	3.2387
860	441	20.4	3.4294
860	470	19.95	3.319
861	330	21.1	3.1737
861	333	21.3	2.6264
862	455	20.05	3.2265
862	455	20.05	3.8449
862	543	20.7	2.4854
864	158	21.9	2.3847
864	261	20.3	2.1709
865	178	20	2.2654
865	493	20.45	3.0509
870	42	21	3.2972
870	42	20.2	3.6098
870	160	20.35	2.6463
872	83	21.85	4.257
872	116	20.3	2.9091
872	298	20.75	2.3894
872	547	21.6	2.8517
873	25	20.5	3.7
873	138	20.9	2.7436
873	616	20	3.9255
875	104	21.05	2.6649
875	189	20.4	2.6021
875	189	20.4	2.8184
875	445	20.5	2.7952
875	629	20.1	3.1954
876	82	20.3	2.9227
876	82	20.5	3.3912
876	308	20.7	2.4757
876	346	20.35	3.9492
876	426	21.15	3.8143
877	47	20.7	3.009
879	614	21.05	3.2747
879	614	19.8	3.4925
881	76	19.9	3.3051
881	256	20.8	2.8827
881	267	20.35	3.3447
881	513	20.9	3.0781
882	554	20.5	2.9623
883	33	20.35	2.7572
883	33	20.6	3.2399
883	425	20.45	2.9172
883	425	20.35	3.1104
885	116	20.3	2.5043
887	483	20.2	2.4227
888	301	20.05	2.7266
888	471	20.3	2.8797
889	68	20.15	2.8134
890	181	20.45	3.2237
890	181	20.45	3.384
892	164	20.4	2.9604
893	69	20.5	3.5049
893	206	20.3	3.178
893	522	20.45	4.2838
894	83	20.5	2.8946
894	83	20.85	3.0082
894	358	20.15	2.5101
895	31	20.85	4.0073
895	271	20.7	4.3404
895	325	20.2	3.713
895	327	19.4	2.2819
895	483	20.15	2.2329
896	134	20.5	2.3244
896	134	20.85	2.8206
898	79	20.5	2.779
899	592	20.5	2.7992
901	455	21.2	3.4873
902	91	20.6	2.981
902	229	20.4	3.0131
902	229	20.4	3.3677
902	230	20.3	2.9144
902	413	21	3.0619
903	142	20.8	2.1736
903	324	20.75	2.5739
905	419	20.2	2.7748
905	546	20.5	2.684
906	164	20.3	2.882
908	567	19.75	2.4242
909	395	21.15	3.3332
910	170	21.2	2.5294
910	170	20.35	2.8913
910	526	20.1	3.4997
911	75	20.75	2.8678
912	226	20.6	2.6874
913	3	20.3	2.7435
913	3	21.15	2.8205
913	3	20.3	3.2602
913	115	20.9	3.0414
913	248	21	3.19
913	294	20.4	2.7556
914	197	20.4	2.9527
914	212	20.35	2.56
914	235	20.3	2.3624
918	457	20.35	3.0018
918	563	21.1	3.0238
918	563	20.5	3.1151
920	446	20.3	3.7098
920	446	20.4	4.0859
920	617	21	3.1901
923	402	21	4.3994
926	44	20.3	2.5503
927	138	20.8	2.5775
929	372	20.65	2.9462
929	441	20.1	3.3011
930	152	20.65	2.4331
930	593	20.5	4.2588
931	491	20.15	2.5351
931	620	20.55	2.8351
932	208	20.3	2.9122
932	558	20.9	2.4071
933	310	20.4	2.302
933	459	20.4	4.2855
933	551	20.2	3.4945
934	585	20.2	3.8931
939	505	20.2	2.9029
941	64	20.35	3.1246
941	108	20.8	3.4858
941	265	20.55	3.1763
942	21	21	4.4744
942	114	20.4	2.3551
942	537	20.4	2.5425
943	110	20.05	2.5736
943	275	20.5	3.3106
943	422	20.25	2.6855
944	194	20.85	3.6865
945	148	20.65	2.2832
945	247	20.4	3.1142
945	309	20.15	2.4499
945	520	20.6	2.5019
945	573	19.75	3.4236
945	592	20.1	3.2022
947	272	21	2.4379
948	74	20.15	3.237
949	227	20.4	2.7624
950	96	20.75	2.1926
950	156	20.2	2.454
950	156	20.85	3.2313
953	607	20.55	3.3046
954	134	21.15	2.6938
954	178	20.6	4.1952
955	101	20.9	2.8138
955	267	20.25	2.6749
957	606	20.15	2.3901
958	292	20.4	3.0252
959	237	20.5	2.8186
960	105	20.75	3.4169
961	450	21	2.5196
961	450	20.1	3.0293
962	120	20.4	2.8903
963	100	20.35	3.2774
966	124	20.2	3.0535
967	420	20.35	3.166
967	533	21.25	2.6695
967	557	19.8	2.2873
968	454	20	3.0008
969	487	20.45	2.967
970	73	20.2	3.0286
970	594	20.7	2.4301
971	375	20.5	3.3973
971	389	19.9	3.101
971	523	20.5	2.7686
972	224	20.15	2.3924
972	241	19.8	2.1971
974	62	20.45	3.0131
976	306	20.1	2.6668
977	225	21.05	2.9323
977	329	20.65	3.4749
978	228	20.1	4.2369
978	413	20.25	3.1042
982	442	19.95	2.9708
983	13	20.7	3.1759
986	185	20.2	2.9184
986	185	20.05	3.142
986	185	20.5	3.4424
987	79	20.8	2.7811
987	79	20.45	3.1101
987	79	20.9	3.6266
987	123	20.3	3.2071
988	269	20.45	3.2176
988	471	20.2	2.7349
990	559	19.8	3.3104
991	359	20.95	3.0451
991	363	20.1	2.6469
991	521	20.2	2.7415
993	100	20	2.9263
997	403	20.25	2.877
997	529	20.45	3.2343
997	555	20.2	2.5262
998	407	20.45	3.3781
999	442	20.5	2.8959
999	442	21.65	3.0374
1001	73	19.85	2.7685
1001	295	20.75	3.5929
1002	189	20.5	2.5
1002	409	20.35	3.4605
1003	295	20.7	2.9554
1004	46	20.65	3.2642
1004	154	20.6	2.6812
1004	308	20.15	2.345
1004	329	20.3	3.224
1004	329	19.5	3.368
1006	212	20.4	3.0261
1006	474	20.65	2.2909
1007	330	20.3	2.3458
1009	529	21.1	2.3915
1010	22	20.55	2.4555
1010	22	20.1	2.7074
1010	460	19.95	2.6303
1010	460	19.8	2.9366
1011	317	20.9	3.3439
1014	126	20.2	3.0465
1014	211	20.25	2.9882
1014	549	20.3	2.3136
1014	591	20.3	2.1935
1016	16	20.25	2.4225
1016	16	20.6	2.4725
1016	632	20.55	2.491
1017	175	21.25	3.0625
1018	32	19.85	3.933
1018	606	20.15	3.4739
1019	1	20.4	3.2671
1020	107	20.35	3.0406
1020	559	20.15	3.4346
1038	80	19.95	2.7169
1038	270	20.5	3.7097
1038	593	20.55	2.7245
1039	433	20.2	3.3781
1039	433	20.1	3.7406
1039	489	19.85	3.7528
1039	489	20.2	4.0163
1039	489	20.35	4.1375
1039	598	20.05	2.2784
1040	270	20.75	2.6786
1041	46	20.55	2.2296
1041	46	20.4	2.3169
1042	72	20.1	2.4674
1043	440	20.55	2.7291
1043	487	20.95	3.3204
1043	492	20.8	2.8353
1044	7	20.8	2.9344
1044	7	20.85	2.9642
1044	499	20.7	2.9804
1046	58	21.6	2.9111
1046	224	20.1	2.2242
1046	434	20.6	2.9872
1046	506	20.3	2.3567
1046	620	20.25	3.4625
1047	253	20.35	3.5559
1047	494	20.4	2.6315
1047	494	20.5	3.1113
1048	331	20.65	3.0495
1048	603	20.95	3.5023
1048	618	20.35	3.3731
1049	42	20.35	3.2686
1049	270	20.7	3.401
1049	523	20.45	2.2725
1049	523	20.35	2.57
1050	96	19.95	2.7092
1050	288	20.55	2.36
1050	288	19.55	2.6506
1050	416	20.3	3.0844
1050	483	21.1	3.2952
1051	201	20.8	3.5611
1051	304	20.45	3.6152
1051	304	20	3.901
1051	304	20.65	3.9436
1051	308	20.25	2.7479
1052	182	20.25	3.0129
1053	87	20.4	2.7768
1053	188	20.9	3.0229
1053	188	20.9	3.0616
1053	545	20.25	2.706
1054	69	20.75	2.8269
1054	367	20.8	2.3767
1054	602	20.3	2.5521
1055	459	21.75	3.1633
1058	170	21.25	2.1886
1060	61	20.2	3.6717
1060	123	20.45	2.3925
1061	188	20.8	4.0986
1061	398	20.5	3.0335
1158	320	20.6	2.2109
1158	514	20.5	3.2919
1158	555	21.1	3.1451
1160	599	20.3	3.0224
1162	52	20.85	2.6282
1162	52	20.35	3.3305
1162	205	21.05	2.3428
1162	213	20.1	3.3031
1162	579	20.3	2.9052
1162	579	20.95	2.9379
1162	579	20.6	3.2032
1164	360	20.35	3.0104
1164	584	19.7	3.2267
1165	426	20.4	2.7333
1165	426	20.9	3.5868
1165	582	21.45	3.5048
1166	365	20.4	2.2272
1166	568	20.3	2.2047
1167	305	20.4	2.3226
1168	208	20.2	3.6464
1168	543	20.1	3.2617
1168	543	20.3	3.7281
1168	564	20.7	2.5551
1168	564	20.1	2.5853
1168	591	20.6	3.3395
1169	224	20.4	3.3963
1169	637	20.65	2.9436
1170	101	21.3	3.1561
1170	248	20.9	2.861
1173	195	19.9	3.4254
1173	575	20.25	2.7074
1173	621	19.6	3.1396
1173	636	20.45	3.5424
1175	356	19.4	2.6778
1175	519	19.8	2.9065
1175	558	20.2	2.7567
1175	589	20	3.8115
1176	480	20.1	2.7383
1185	266	20.35	3.5591
1186	172	20.45	3.3021
1186	624	20.5	3.0391
1188	236	21.35	3.0456
1188	464	20.25	3.015
1189	19	20.7	2.2976
1190	614	19.9	3.5701
1191	615	19.85	2.5707
1194	79	21.4	4.1432
1194	257	20.35	3.1236
1194	360	20.25	3.2241
1194	507	20.1	3.5163
1195	425	21.3	2.2372
1195	561	20.7	2.3101
1196	160	19.8	2.8689
1197	35	20.65	2.7473
1197	38	20.25	2.6834
1197	485	20.35	2.1987
1199	328	20.45	2.7992
1199	328	20.55	2.9736
1200	115	20.75	4.2496
1200	549	20.1	2.6057
1200	549	20.45	3.0546
1201	355	19.85	2.3743
1202	235	20.3	2.6347
1202	408	20.1	2.8436
1203	583	20.4	2.9818
1205	57	20.05	2.3636
1207	265	20.45	3.232
1207	516	20.3	2.3193
1208	59	20.8	2.6648
1208	402	20.3	2.3738
1208	402	20.3	2.4848
1209	433	21.2	2.5573
1210	115	20.35	2.2036
1210	318	20.35	2.9473
1212	33	20.6	2.5216
1212	393	20.6	3.0774
1215	282	20.2	3.0668
1216	403	20.4	2.5787
1216	586	20.3	3.2767
1217	358	19.85	2.9562
1218	178	20.4	4.7997
1218	508	20.5	2.9582
1222	123	20.25	3.1048
1222	328	21	2.949
1222	416	20.7	2.9736
1223	26	21.15	3.8572
1224	411	19.9	3.7643
1225	214	21.4	3.2061
1225	563	20.45	2.8751
1226	32	21.3	3.63
1226	638	20.55	3.4688
1226	638	21.5	3.7957
1228	376	20.05	3.3429
1229	99	21.35	2.5843
1230	4	21.3	3.2931
1230	66	20.75	3.1327
1230	104	19.9	3.0708
1230	104	20.4	3.3048
1230	104	20.7	4.1205
1230	127	21.35	3.3896
1230	251	20.2	2.5229
1230	509	20.35	2.9732
1230	632	20.35	2.7194
1231	427	20.25	3.6146
1232	464	20.25	2.9351
1232	483	20.7	2.915
1232	603	20.8	2.7931
1232	603	20.1	2.8205
1233	315	20.7	3.4064
1234	188	20.35	2.3531
1234	574	19.95	3.325
1238	265	20.4	2.3172
1238	403	21.05	3.0653
1238	403	19.7	3.318
1238	411	21.4	2.5926
1239	55	21.15	3.0738
1239	604	20.25	2.8672
1240	256	20.15	2.3324
1240	256	20.25	2.9444
1240	475	19.65	2.612
1240	475	21.2	2.8427
1240	475	20	2.8993
1263	327	20.8	2.5341
1264	74	20.6	2.2548
1264	296	21.4	2.6575
1266	436	20.8	3.5651
1266	436	21.1	4.161
1267	51	20.45	2.5411
1267	408	20.5	2.9083
1271	83	20.2	2.4586
1271	619	20.1	3.8544
1272	22	20.6	3.6588
1272	586	20.8	4.5104
1274	15	20.05	2.5751
1275	284	19.9	2.7456
1275	425	20.85	2.6634
1275	480	18.9	2.79
1276	172	20.45	3.3359
1277	517	20.25	2.252
1279	116	20.65	2.916
1279	213	20.7	3.0334
1281	584	20.55	3.0261
1282	70	20.8	2.4451
1282	70	20.35	2.6082
1282	404	20.3	3.2071
1282	466	20.8	2.5441
1282	466	21.2	2.5786
1282	555	20.35	2.365
1282	555	20.2	3.0418
1283	216	20.25	2.211
1283	329	20.3	3.8239
1283	423	20.95	3.2402
1283	423	21.15	3.6928
1283	485	20.2	2.4822
1285	76	20.5	2.8015
1285	508	20.3	3.2565
1287	70	20.7	3.6383
1287	489	21.1	2.9023
1287	529	21.45	3.1965
1287	595	20.5	2.6256
1288	50	20.7	3.8769
1288	50	20.45	4.0499
1288	282	21.4	2.5775
1288	392	20.1	2.7525
1288	573	20.3	2.2199
1289	296	20.85	4.3999
1289	423	20.9	2.9148
1289	552	21.25	2.5968
1290	513	20.25	2.3114
1290	562	20	3.333
1291	182	20.85	2.2309
1292	39	20.55	2.5586
1295	528	19.75	2.7745
1296	600	21.5	3.2656
1297	389	20.4	3.3165
1297	389	20.25	3.4256
1297	463	20	3.2022
1297	517	20.35	3.9556
1297	589	20.9	3.1897
1298	267	19.7	3.1246
1298	310	20.15	3.0577
1298	455	20.8	4.3986
1298	455	20.15	4.7388
1298	597	21.15	3.1443
1299	403	21.05	3.7422
1300	560	20.75	2.5627
1300	619	20.2	2.8045
1301	253	20.6	3.2087
1301	253	19.85	3.4339
1302	539	20.9	3.3401
1303	130	20.4	2.9362
1303	387	20.7	2.9101
1305	308	20.55	2.97
1306	52	21.05	2.4418
1306	52	19.85	2.7212
1306	52	20.1	3.1529
1306	139	20.2	2.7997
1308	26	20.1	3.244
1309	364	20.2	3.6151
1310	29	20.9	2.9984
1310	388	20.3	2.6771
1313	567	20.15	3.1599
1314	262	20.05	2.4526
1316	231	20.2	3.2715
1316	591	20.35	2.7324
1318	284	20.8	3.2358
1318	520	20.05	2.639
1319	163	20.8	3.2457
1319	417	20.3	3.6111
1319	535	20.6	2.8733
1321	263	20.85	2.1852
1321	379	20.05	2.6037
1322	529	20.25	3.2361
1322	529	20.15	3.4278
1323	169	20.95	2.6015
1323	604	20.9	2.6587
1324	88	20.1	3.4605
1325	283	20.25	3.1548
1325	283	20.25	3.4371
1325	444	20.6	2.2923
1328	12	20.4	2.1723
1328	99	21.15	3.2923
1328	99	20.1	3.816
1328	343	20	3.4976
1328	555	20.5	3.4084
1330	540	20	2.6273
1330	540	20.65	3.0729
1331	332	20.95	2.9854
1331	557	20.5	3.811
1331	585	20.35	2.6739
1332	242	20.3	4.0854
1333	7	21.1	3.2663
1333	123	20.9	3.2087
1336	137	19.75	2.2201
1338	33	21.25	2.5671
1338	281	20.9	2.1752
1339	299	20.5	2.9426
1339	610	20.75	2.6358
1340	216	20.3	3.4193
1340	388	20.6	2.5709
1340	502	20.45	2.3506
1341	25	20.25	2.4936
1341	392	20.25	3.1018
1343	46	20.3	3.0568
1343	66	20.3	2.1798
1343	543	20.4	2.2702
1344	490	21.05	2.3561
1344	490	20.15	2.9332
1346	132	21.65	2.537
1347	131	20.15	2.8778
1347	409	19.8	3.0348
1348	232	20.05	3.5623
1348	511	20.25	2.4474
1348	511	20.15	2.7887
1349	496	20.45	2.6566
1349	592	20	2.7617
1350	201	20.55	3.763
1350	201	20.7	3.9432
1350	254	20.1	3.2334
1351	388	20.4	2.6569
1351	602	20.05	2.5858
1352	172	20.8	2.4133
1352	194	21.55	2.77
1353	246	20.6	3.2907
1357	520	20.05	2.8158
1359	18	20.7	2.5957
1359	36	20.4	2.5707
1361	537	20.15	2.7734
1361	537	19.75	2.9114
1361	543	19.85	3.8691
1362	79	20.1	2.7324
1362	386	20.85	4.3111
1362	389	20.2	2.2146
1363	198	20.4	3.2382
1363	198	20.4	3.2549
1364	620	20.6	3.0274
1366	24	20.25	2.8662
1366	24	20.35	3.2246
1366	254	19.85	3.314
1366	614	21.2	2.9735
1367	448	20.8	2.5082
1369	502	20.3	4.4775
1369	606	20.5	2.7078
1370	77	20.25	2.9678
1370	335	20.5	2.5837
1370	434	20.95	2.7607
1371	92	20.65	2.295
1371	223	20.45	4.5742
1371	255	20.35	3.1356
1372	154	20.6	3.317
1372	610	20.45	2.6227
1373	523	20.5	2.415
1374	217	21.55	3.3097
1374	217	20.35	3.3462
1374	217	21.05	3.7554
1376	426	20.1	3.7961
1376	502	19.8	2.617
1376	593	20.75	2.8803
1377	398	20.35	3.2353
1377	398	21.7	3.5949
1378	599	20.3	3.2932
1379	74	20.7	2.8255
1379	173	19.9	2.5583
1379	173	20.35	2.8637
1379	405	20.65	3.362
1379	575	20.45	2.7431
1380	36	21.4	3.1807
1381	261	20.05	3.0224
1382	628	19.85	3.5982
1383	452	19.9	3.0289
1383	488	20	2.8903
1384	347	21.05	3.1081
1384	564	20.1	2.3727
1385	272	21.05	3.7239
1385	519	20.2	3.1663
1386	165	19.85	3.157
1387	583	21.05	3.475
1388	167	20.65	3.339
1388	432	20.95	2.3612
1390	259	18.55	2.8197
1392	530	20.15	2.8461
1393	137	20.9	3.4525
1394	322	19.85	3.3155
1394	542	19.1	2.9247
1394	624	20.5	3.3621
1395	300	21.3	2.6106
1395	300	20.05	2.8705
1395	311	20.35	3.3359
1396	42	21.4	2.5982
1396	142	20	2.8378
1396	512	20.1	2.5552
1396	611	20.95	2.7275
1397	63	20.65	2.8167
1397	250	20.2	2.3966
1397	351	20.9	2.8822
1397	375	20.35	2.5702
1397	494	20.25	2.5317
1397	494	20.3	2.845
1398	348	20	3.4044
1399	625	20.15	3.2188
1400	389	20.15	2.5441
1400	638	20.5	2.2166
1401	237	20.15	3.0859
1401	338	20.15	2.9137
1403	495	20.05	2.4712
1404	123	19.7	3.1715
1404	147	20.45	3.4818
1404	241	20.35	3.4863
1404	635	20.35	2.9745
1406	191	20.4	3.6858
1407	479	20	2.7985
1408	460	21.35	4.3115
1408	460	21.35	4.4954
1408	460	20.95	5.0756
1408	460	21.05	5.1791
1408	617	21	2.7699
1409	465	20.55	2.936
1415	168	20.4	2.6778
1415	423	20.35	4.0065
1415	423	20.35	4.1005
1415	560	19.95	3.0674
1416	18	20	2.7106
1416	203	20.25	3.2174
1416	318	20	2.5775
1416	515	20.8	3.6473
1417	347	20.1	4.5491
1417	523	19.6	2.6466
1417	523	20.3	3.1157
1417	616	20.95	2.8134
1419	261	20.35	3.6151
1420	465	20.05	3.2207
1420	465	20.65	3.3843
1421	168	20.7	4.6025
1423	121	20.5	3.2652
1423	201	20.4	3.2519
1423	294	20.05	2.7961
1423	624	20.35	3.362
1424	300	20.75	2.7409
1424	300	20.25	2.9074
1424	335	20.45	3.9987
1426	41	20.55	2.7997
1426	557	20.2	3.209
1427	230	20.4	4.1432
1427	364	20.25	3.2313
1427	364	20.6	3.603
1427	526	20.55	2.6609
1427	526	20.45	2.8969
1427	553	20.4	3.2583
1428	516	20.55	3.0326
1429	530	20.6	2.9422
1431	358	20.8	2.7283
1431	358	21.25	2.7493
1432	196	20.65	3.0725
1432	196	20.3	3.1213
1432	257	20.4	3.0713
1432	477	20.35	2.8698
1434	346	20.05	3.5736
1435	467	20.15	3.2764
1435	570	19.85	3.0807
1435	570	20.25	3.1839
1435	607	19.7	2.7024
1436	476	20.1	3.3169
1437	358	20.3	2.2121
1437	604	20.9	3.1569
1438	57	20.1	2.8036
1438	57	20.95	3.0456
1438	136	20.7	3.2621
1438	469	20.1	3.0704
1439	418	20.35	3.3427
1439	595	20.35	2.6619
1439	595	20.2	2.9431
1440	238	20.05	2.6627
1440	238	19.8	2.9453
1441	100	20.1	2.9626
1441	100	20.1	3.2451
1441	469	21.1	3.2833
1443	63	20.25	3.4751
1445	119	20.65	3.6729
1445	358	20.65	4.1719
1446	318	20.15	2.6752
1447	515	20.2	3.0736
1448	223	20.75	3.1867
1449	5	21.15	2.9632
1449	81	20.95	3.5194
1450	147	19.45	3.3049
1450	455	20.6	3.7654
1450	533	20.05	2.6398
1450	549	20.35	3.0382
1451	20	20.25	3.382
1452	71	20.6	3.4524
1453	495	20	2.526
1454	277	20.85	3.0466
1455	257	20.7	2.6668
1455	314	21.25	2.289
1456	68	21	2.7304
1456	492	20.25	2.4925
1457	266	20.25	3.2285
1458	242	20.2	2.7545
1459	503	19.65	3.4496
1459	597	20.95	2.8876
1462	384	20.55	2.9474
1463	542	20.45	4.3025
1463	542	20.75	4.6466
1463	551	20.6	3.055
1463	551	20.4	3.1683
1464	384	20.05	3.6921
1465	401	20.05	2.83
1465	401	20.6	3.0177
1466	158	20.25	3.5393
1466	158	19.9	3.9588
1466	426	20	2.8864
1467	609	21.75	3.0798
1567	483	20.05	3.1936
1568	216	21.35	2.3619
1571	219	20.65	4.0829
1571	219	20.4	4.444
1571	323	20.3	2.955
1571	461	20.35	2.9691
1572	104	20.15	2.8745
1572	528	20.1	3.057
1576	495	20.95	4.0896
1576	628	20.8	3.3236
1577	134	20	3.0193
1577	178	20.75	2.5979
1578	544	20.15	4.0015
1579	177	19.85	2.8014
1579	177	19.9	2.8659
1580	551	21.05	2.3481
1580	551	19.65	3.0116
1581	220	20.85	2.4435
1584	94	21.65	3.4774
1584	447	20.8	3.2431
1584	621	21.1	3.4125
1585	53	20.6	2.5195
1586	416	20.7	3.0008
1587	3	20.2	2.964
1587	331	19.95	3.4523
1587	632	20.25	2.5139
1587	632	20.2	3.0224
1588	442	19.55	3.0275
1589	33	20.75	3.0559
1590	389	20.25	2.8256
1591	166	20.55	3.556
1592	285	20.65	2.9943
1592	400	19.85	2.9595
1592	400	20.3	2.9762
1593	474	20	3.354
1594	90	19.85	3.7256
1595	414	20.25	2.3311
1597	438	20.2	2.8941
1597	635	20.45	2.8762
1598	165	20.15	3.206
1598	525	20.3	3.1028
1599	234	20.05	3.1194
1599	527	20.25	2.7721
1600	233	20.95	3.1908
1600	319	21.05	3.3952
1602	26	19.55	4.2868
1603	39	20.2	3.2246
1603	228	20.75	3.7562
1603	228	21.4	4.3958
1604	383	20.45	3.3926
1604	383	20.75	3.5461
1606	71	21.15	4.3807
1606	102	20.2	3.318
1606	241	20.4	3.8027
1607	335	20.5	2.5974
1607	537	20.3	3.0242
1609	338	20.05	2.3676
1612	239	20.25	2.5745
1612	372	20.1	3.2334
1613	366	20.35	2.9723
1614	129	20.7	4.0963
1614	314	20.8	2.8704
1614	612	19.95	3.3249
1616	472	20.15	3.2302
1642	159	20.45	3.37
1642	519	20.1	2.5059
1642	544	19.95	2.4978
1642	614	20.85	3.4339
1643	41	19.9	2.903
1643	271	20.55	2.8369
1644	108	21.15	3.4557
1644	228	21.65	4.5867
1645	172	20.85	2.9046
1645	236	21.55	4.1802
1645	270	20.15	3.4211
1646	156	19.8	2.3876
1646	418	20.9	3.1984
1646	510	20.1	2.409
1647	281	20.75	3.4572
1647	541	20.7	3.0039
1648	183	20.65	3.3928
1648	469	20.75	2.3971
1649	567	20.55	2.6308
1649	567	20.8	2.8149
1654	16	20.15	2.7081
1654	16	20.6	3.056
1654	508	20.45	2.9745
1655	522	20.65	3.4325
1657	543	19.9	3.9781
1657	607	20.75	2.3726
1657	638	19.6	2.2645
1658	562	20.7	2.5844
1667	131	20.3	3.2062
1667	131	20.15	3.5132
1668	88	20.65	3.7567
1668	150	21.35	2.6948
1668	150	20.25	3.442
1668	223	20.45	2.4383
1668	298	20.15	3.3369
1668	572	19.5	3.2333
1668	575	20.15	3.3422
1668	575	19.75	3.441
1668	578	20.45	2.2041
1669	634	20.7	3.0119
1670	504	20.05	2.6399
1671	222	20.3	3.014
1671	429	20.4	3.084
1674	340	20.15	3.2129
1674	355	20.7	3.7522
1674	548	20.8	3.6152
1674	608	21.05	3.213
1675	301	20.45	2.7925
1675	325	20.35	3.3746
1676	114	20	4.0963
1677	202	20.1	4.3491
1677	424	20.75	3.0643
1678	98	20.25	3.118
1678	167	20.15	3.6247
1678	614	20.4	2.8706
1678	614	20.7	3.8804
1679	53	20.55	2.8601
1679	138	20.85	2.9985
1680	230	20.15	3.136
1680	606	20.75	3.7328
1682	16	20.55	2.902
1682	183	20.25	2.3787
1682	205	20.95	3.5149
1684	126	20.05	3.7161
1684	196	20.4	2.5025
1685	359	20.2	3.4591
1686	190	19.55	3.7608
1686	353	20.7	2.8887
1686	480	20.35	3.5035
1686	549	20.9	3.9411
1687	302	20.6	3.4648
1690	242	20.45	3.0889
1690	380	20	3.1799
1690	436	21.2	3.2276
1690	608	20.9	2.3602
1690	608	19.8	2.7241
1691	289	20.45	2.9525
1691	289	21.05	3.2544
1692	302	20.1	2.2673
1692	578	20.05	4.4939
1692	578	20.35	5.1909
1693	513	20.1	2.7304
1694	85	20.45	3.0981
1695	235	20.35	2.9441
1695	247	20.65	2.8095
1695	380	20.5	2.9818
1695	636	20.95	3.0251
1696	37	21.25	2.5526
1696	102	20.5	2.7739
1696	278	20.55	2.9139
1696	278	20.35	2.9284
1697	121	20.2	2.401
1697	121	20.25	3.2497
1697	381	20.25	3.1765
1697	610	21.4	3.3766
1697	610	20.1	3.6192
1698	111	20.1	3.083
1698	326	20.3	2.6727
1698	326	20.6	3.004
1698	612	20.4	3.5497
1698	612	19.65	3.7658
1699	302	20.1	4.131
1700	49	20.45	2.9191
1700	99	20.8	2.7956
1701	569	19.95	3.3312
1701	569	20.4	3.492
1701	569	20.3	3.7443
1702	208	20.05	2.7652
1704	80	19.85	2.4596
1704	80	20.1	2.6693
1704	80	20.2	3.2274
1704	624	20.55	3.2467
1708	4	20.1	3.1675
1708	379	20.2	3.1484
1708	440	19.85	4.8598
1708	472	19.85	3.353
1710	304	20.4	3.4021
1711	374	20	2.4184
1712	94	21.15	2.6737
1714	193	20	3.154
1714	514	20.15	3.6793
1728	485	19.6	2.2508
1728	598	20.05	4.518
1730	308	21.55	2.3976
1730	526	20.25	3.7765
1733	280	20.5	2.2224
1734	638	20.25	3.1284
1734	638	20.2	3.8482
1736	382	19.8	3.3347
1736	582	20.95	4.02
1736	634	20.25	3.1888
1737	10	20.55	2.6812
1737	10	20.35	2.9291
1737	10	20.45	3.0457
1738	102	20.65	3.0017
1738	102	20.1	3.4446
1738	265	20.6	4.2448
1739	369	19.95	3.0039
1739	491	20.45	2.3979
1740	503	20.55	3.4474
1741	575	20.45	2.7843
1741	623	20.2	3.7308
1742	52	20.45	3.6961
1742	566	20.1	3.0112
1743	283	20.95	2.7591
1744	109	20.6	2.8006
1744	368	20.15	3.9129
1745	411	19.9	3.3339
1745	411	20.25	3.7641
1747	498	20.6	2.9938
1747	499	20.35	2.9128
1747	499	20.15	3.2901
1748	85	20.3	3.2766
1748	351	20.15	2.3487
1749	155	20.55	2.9199
1750	7	20.25	3.9284
1750	87	19.95	3.1063
1750	210	20.2	3.1289
1750	320	20.15	3.2016
1750	628	20.1	2.5917
1750	628	19.7	3.1133
1751	190	20.65	3.4542
1751	242	19.95	3.2528
1751	277	20.05	3.4761
1751	627	21.35	2.6004
1752	242	20.3	2.3828
1752	279	20.5	3.2531
1752	284	21.2	3.2014
1752	496	20.45	3.2548
1753	419	19.85	2.883
1754	328	21.15	2.4356
1755	593	20.1	2.8476
1756	516	20.2	3.0884
1757	161	21.75	3.234
1757	161	20.4	4.0408
1757	523	20.1	3.0592
1758	202	20.4	2.3488
1758	636	20.05	2.5036
1758	636	20.6	2.9453
1760	582	20.4	3.0652
1761	150	21.35	2.2479
1761	262	19.8	3.5361
1762	402	20.15	2.8481
1762	495	20.15	2.4002
1766	417	20.65	3.6057
1766	539	20.85	3.1228
1766	570	20.3	3.0054
1766	570	20.25	3.0317
1768	400	20.1	3.2337
1768	532	20.5	2.8765
1769	519	20.45	3.0241
1769	519	21.3	3.1078
1771	54	20.9	3.2909
1772	416	20.4	2.9759
1772	466	19.9	3.2815
1773	8	19.65	2.6156
1779	177	20.2	4.4048
1780	266	20.85	2.9046
1780	529	20.45	3.1132
1781	205	20.4	3.1791
1781	371	20.5	3.364
1781	562	20	2.476
1783	343	21.15	3.6672
1811	99	21.35	2.3695
1811	99	20.15	2.9076
1811	99	20.6	3.2093
1811	198	20.4	3.05
1811	458	19.95	2.9263
1811	458	20.1	3.371
1822	287	20.85	2.4165
1822	287	19.9	2.98
1824	57	20.25	2.7569
1824	226	19.95	3.6488
1825	153	20.55	4.1092
1826	487	20.05	3.2853
1827	111	21.2	3.9812
1828	391	20.15	3.0642
1828	622	21.35	2.509
1828	622	20.3	2.8229
1838	499	20.4	3.5206
1839	150	20.35	2.8442
1839	343	20	2.4995
1839	375	20.1	3.6541
1840	111	20.05	2.9499
1840	174	20.4	2.8619
1840	445	20.4	4.8351
1841	296	20.2	2.437
1841	349	20.25	4.0931
1841	586	20.25	3.1113
1842	558	20.4	3.645
1851	228	20.25	3.3789
1851	228	20.5	3.5377
1852	158	20.75	2.7101
1852	158	21.35	3.2962
1852	401	20.65	3.4626
1867	568	20.85	2.959
1867	618	20.4	3.0179
1870	32	20.3	2.3914
1871	194	20.8	3.1778
1871	234	20.25	2.4065
1872	474	20	3.2255
1872	474	20.35	3.3359
1920	273	20.45	3.5739
1922	152	19.95	3.4298
1922	152	20.25	3.9459
1922	235	21.4	2.4337
1923	309	20.8	4.6578
1925	171	21.05	2.5478
1926	552	20	2.8409
1927	574	20.6	3.3235
1927	574	19.9	3.5083
1928	249	20.25	2.6822
1929	40	20.1	2.5141
1929	44	20.65	3.7107
1929	44	20.7	4.3899
1929	486	20.5	2.778
1929	486	20.3	3.019
1929	486	20.1	3.2546
1931	180	19.9	2.6973
1931	326	19.95	3.2023
1933	321	21.15	2.3604
1934	267	21.05	3.4801
1934	267	20.5	3.5147
1934	560	20.35	3.2264
1935	229	20.15	3.0774
1936	11	20.6	3.4667
1936	614	20.15	2.876
1936	614	20.45	3.0676
1936	618	20.2	3.666
1936	618	21.05	3.8038
1937	500	20.05	2.7609
1938	440	20.45	2.5459
1938	529	20.35	3.0675
1938	529	20.05	3.8639
1940	441	20.8	2.7688
1940	441	21.1	3.2636
1942	47	20	3.1285
1942	298	19.75	2.7544
1943	35	20.6	2.4296
1944	75	20.05	2.6583
1944	97	20.7	3.8657
1945	32	19.8	3.262
1945	32	20.7	3.3471
1946	103	20.15	2.9971
1947	559	21.25	2.5521
1947	602	20.05	2.939
1947	602	20.3	2.9467
1948	59	20.35	3.4478
1948	137	20.25	3.2795
1948	137	20.45	4.1735
1948	481	21.15	2.3885
1948	481	20.15	2.9019
1948	481	20.2	3.0391
1949	133	20.6	3.727
1949	134	19.7	2.9467
1949	296	20.3	3.0942
1951	133	20.4	4.3644
1952	24	20.75	3.6901
1952	236	19.5	2.365
1952	500	20.6	3.2199
1953	304	21.2	2.916
1953	304	21.1	3.2274
1955	577	20.9	2.9332
1956	156	20.25	2.4592
1957	303	20.35	2.4984
1958	449	20.3	2.9194
1958	449	20.6	3.4141
1958	515	21.5	2.7904
1969	489	20.55	3.2178
1969	526	21	4.0849
1969	623	20.15	3.0606
1969	623	20.85	3.401
1970	98	20.5	2.8375
1970	98	20.4	2.9014
1970	98	20.8	3.0853
1970	470	20.4	4.849
1971	578	20.7	2.6668
1973	93	19.35	2.728
1974	133	20.8	2.4497
1974	475	20	2.4347
1976	187	20.65	3.2199
1976	189	20.6	3.3671
1978	186	20.85	2.8334
1979	6	20.5	2.8769
1979	116	21.25	2.7877
1979	213	20	2.9128
1980	631	21	2.7333
1981	105	19.9	3.4094
1981	162	20.8	2.7958
1982	626	21.3	3.4412
1983	140	20.85	3.2923
1984	377	19.7	3.315
1984	377	20.05	3.4327
1984	377	20.1	3.6289
1988	411	20.7	3.338
1990	174	20.2	3.0623
1991	191	20.35	2.746
1992	461	20.95	3.2794
1992	509	20.65	3.2708
1995	7	20.4	2.7833
1995	242	21.4	2.8032
1995	285	20.7	2.5147
1995	394	20.15	3.8384
1996	267	20.5	3.4677
1996	340	19.8	2.798
1997	313	20.55	4.2001
1998	343	20.7	3.5159
1998	594	20.7	2.9166
1999	209	20.95	2.7069
1999	209	20.65	3.022
1999	549	20.25	3.5028
1999	549	19.85	3.7817
2001	184	20.25	4.1043
2001	579	19.85	3.4552
2002	205	20.25	3.3548
2003	238	20.35	2.4749
2006	127	20.1	2.4775
2006	331	20.4	3.3393
2007	245	21.1	2.5064
2008	241	19.95	2.9109
2008	241	20.45	3.0925
2010	97	20.3	3.5074
2010	210	20	2.9919
2010	528	20.75	3.4967
2010	536	20.15	3.3251
2010	536	20.2	3.6408
2010	536	20.4	3.6714
2011	16	20.3	2.3855
2011	76	20.15	2.7527
2011	171	20.1	3.0662
2011	171	21.35	3.1736
2011	171	20.55	3.3515
2011	388	20.7	2.8809
2014	599	19.9	2.3596
2017	508	20.2	3.36
2019	194	20.2	2.8717
2020	490	20.8	2.4714
2020	501	21.1	2.4832
2021	9	20.3	3.1143
2024	255	20.4	3.0377
2024	404	19.1	2.2233
2025	378	20.75	2.7016
2025	416	20.2	3.1523
2025	599	19.9	3.0995
2027	58	20.7	2.4857
2027	269	20.65	2.4299
2027	565	20.2	2.9074
2030	41	20.9	2.7461
2030	539	21.55	3.8206
2033	188	20.25	3.3023
2033	225	20.7	3.2178
2034	136	20.6	2.868
2034	582	20	2.7311
2034	594	21	4.0523
2035	11	20.7	2.7583
2035	106	20.15	3.999
2035	163	20.65	2.5768
2035	163	20.9	2.5985
2036	403	19.8	3.5413
2036	403	21.45	3.8735
2036	509	20.1	3.4671
2037	497	20.95	2.904
2080	178	20.05	3.3827
2084	619	21.1	3.1274
2085	66	20.2	2.5083
2085	429	19.8	2.5952
2085	449	20.8	2.7904
2085	449	21.15	2.8177
2088	277	20.3	3.2095
2088	401	20.1	2.8891
2088	401	21.35	3.0109
2089	49	20.25	3.0316
2090	91	20.45	2.6676
2090	105	20.5	3.9028
2090	105	20.55	4.3454
2090	105	20.4	4.8208
2091	228	20.65	3.6413
2095	467	20.75	4.7915
2098	464	20.3	2.6278
2098	522	20.05	3.2419
2099	556	19.9	3.1199
2099	635	20.6	3.6743
2099	635	20.6	3.6868
2108	165	20.2	2.9044
2108	579	20.8	3.0973
2109	52	21.3	3.1743
2109	524	20.95	3.6467
2111	525	20	2.9397
2113	266	21.5	3.4962
2115	243	20.05	2.5437
2132	198	21	3.1868
2132	347	20.1	2.9037
2136	438	20.4	2.8115
2136	493	20.7	3.4111
2136	493	20.25	3.6719
2147	573	20.25	4.2664
2196	433	19.9	2.9318
			
