plate fiber zabs NHI
654 545 2.3376 20.55
424 213 2.34863 20.3
425 278 2.44161 20.3
663 410 2.67731 20.7
428 139 2.59474 20.6
455 429 2.31888 20.95
457 453 2.612 20.45
416 228 2.22869 20.9
542 165 2.99463 20.3
542 165 3.22828 21.1
435 510 2.30128 20.35
438 397 3.22276 20.7
442 302 3.70759 21.35
440 52 2.7066 20.4
440 52 3.43581 20.8
442 550 3.318 20.85
548 167 3.45951 21.35
444 627 2.86219 20.3
447 272 2.77531 21.45
449 623 2.29142 21.4
451 312 2.88941 20.55
484 608 2.32928 20.35
451 130 2.38703 20.4
473 447 2.35149 20.7
477 456 2.56537 20.7
487 388 2.49596 20.9
269 467 2.53997 21.0
269 467 2.685 21.35
506 137 2.26669 20.75
283 232 2.25781 20.35
516 139 2.68438 21.0
286 585 2.608 20.45
493 507 2.22131 20.4
493 507 2.26398 20.35
289 216 2.291 20.65
289 88 2.26282 20.4
334 629 3.67024 20.3
495 216 2.77727 20.45
293 127 4.02151 20.3
339 523 2.773 20.6
603 536 2.95128 20.8
604 535 3.555 21.5
531 308 2.5624 20.8
301 460 3.02022 20.3
531 50 2.43097 20.3
532 311 3.27732 20.95
582 188 2.70756 20.9
538 434 3.25285 21.45
309 423 2.444 20.4
589 539 2.61841 20.4
629 279 3.64177 20.5
628 203 2.6969 20.55
628 203 3.01739 20.65
632 108 3.34793 20.95
355 415 2.25348 20.6
634 275 2.27983 21.2
636 610 2.20965 20.9
644 458 2.32736 20.45
380 17 3.11865 20.65
386 137 2.42614 20.55
386 137 2.6146 21.2
751 39 3.61178 20.6
752 220 3.02168 20.55
752 204 3.28078 21.55
753 391 3.97104 20.4
417 492 3.35834 20.95
655 482 4.73981 20.55
420 121 2.62846 20.75
397 333 2.75699 20.6
397 333 2.90096 20.95
399 375 3.07727 20.3
424 630 3.23552 20.85
429 200 3.13929 20.55
430 549 3.65792 20.6
405 263 4.568 20.35
460 420 3.35746 20.3
461 209 4.19164 20.5
431 217 3.59125 20.8
754 319 2.68587 20.55
541 151 2.8924 20.3
888 471 2.87966 20.3
858 396 2.88089 20.45
859 539 3.00554 20.35
437 532 2.42246 20.5
892 164 2.96043 20.4
861 333 2.62644 21.3
861 330 3.17366 21.1
826 305 4.30337 20.35
825 607 2.67826 20.95
826 45 2.91448 20.35
826 45 3.00372 21.15
760 41 3.61256 20.45
826 589 3.65618 21.1
862 543 2.48536 20.7
444 194 3.8677 20.45
444 497 3.5403 20.4
829 439 3.38829 20.5
763 474 2.95153 20.3
763 474 3.33454 20.85
445 638 2.77337 20.3
865 493 3.05085 20.45
483 251 2.4778 20.3
831 283 2.68654 21.15
831 283 3.03473 20.35
831 474 4.26392 20.5
831 201 3.24589 20.3
566 83 2.96043 20.95
566 83 3.40712 21.25
450 41 2.89419 20.5
484 163 3.94796 20.45
472 576 3.27269 20.75
870 42 3.29719 21.0
485 541 3.00115 20.8
485 541 3.63695 20.55
870 160 2.64629 20.35
569 124 3.05416 20.75
767 623 3.10549 20.45
768 498 3.1726 20.9
569 23 2.48964 20.45
556 474 2.43617 20.4
452 63 2.79954 20.4
570 427 2.30473 20.3
902 229 3.01306 20.4
902 229 3.36767 20.4
902 230 2.91435 20.3
902 413 3.06194 21.0
557 418 3.26583 20.8
486 37 3.62119 20.65
770 291 3.54379 20.35
872 298 2.38937 20.75
771 349 2.33838 21.0
573 401 2.93451 20.5
771 155 2.76812 20.6
575 466 2.74163 20.4
947 272 2.43795 21.0
772 227 3.78547 20.35
559 1 2.58659 20.6
504 34 2.20997 20.3
875 189 2.60206 20.4
505 141 2.70398 20.45
274 390 2.81992 21.0
875 445 2.79515 20.5
274 172 3.54535 20.7
875 104 2.66491 21.05
506 422 3.31002 20.4
506 220 2.89437 21.05
906 164 2.88201 20.3
275 538 3.22194 20.7
949 227 2.76245 20.4
276 313 3.88799 20.65
580 535 4.34281 21.5
877 47 3.00896 20.7
278 203 3.09653 20.95
278 584 3.79416 20.45
278 584 3.95814 20.55
835 100 2.75663 20.8
836 313 3.17767 20.5
836 603 3.14621 20.8
879 614 3.27474 21.05
513 428 3.91497 20.65
838 412 2.88513 20.35
881 267 3.34465 20.35
881 256 2.88268 20.8
840 441 2.92873 20.7
841 344 2.60826 20.35
841 344 3.32677 21.05
953 607 3.3046 20.55
286 183 4.67434 20.7
517 259 3.28551 20.7
517 259 3.33023 20.8
599 249 3.84388 21.0
778 504 2.44332 20.7
842 21 2.3762 20.7
778 38 3.74452 21.25
599 146 2.53641 20.85
779 460 2.9917 20.6
970 594 2.4301 20.7
883 33 3.23991 20.6
844 604 2.78943 20.3
519 578 2.50952 20.65
600 184 2.30897 20.95
600 556 2.64062 20.5
494 542 4.25451 20.3
885 116 2.5043 20.3
782 555 2.6568 20.6
339 219 3.46675 20.95
849 584 3.64146 20.3
849 584 3.67898 21.1
525 389 2.2454 20.7
910 170 2.89126 20.35
852 10 2.32263 21.5
912 226 2.68743 20.6
853 606 2.58489 20.45
913 294 2.7556 20.4
529 204 3.63297 20.65
913 248 3.18995 21.0
1043 440 2.72913 20.55
530 240 3.207 20.5
913 115 3.04138 20.9
497 506 2.364993 20.7
787 271 2.75584 20.75
1043 487 3.32037 20.95
1043 492 2.83528 20.8
856 196 2.85351 20.4
605 202 2.84628 20.95
498 398 3.06903 20.3
787 48 3.77888 21.75
1044 499 2.98036 20.7
788 267 2.9864 21.05
532 218 2.71132 20.6
788 258 2.3802 20.85
1044 7 2.9344 20.8
1044 7 2.96424 20.85
789 368 2.2467 20.95
606 43 2.60709 20.95
606 43 2.71476 20.8
607 259 2.82671 20.3
918 457 3.00176 20.35
1046 434 2.98724 20.6
1046 58 2.91109 21.6
1046 506 2.35669 20.3
609 264 2.78822 20.35
587 383 2.39375 20.85
609 381 3.06242 20.35
920 446 3.70976 20.3
920 446 4.08591 20.4
920 617 3.19008 21.0
1051 304 3.6152 20.45
1051 304 3.94359 20.65
794 402 2.89479 20.6
794 402 3.01465 20.65
794 163 2.76462 20.55
794 163 3.1792 20.65
1051 201 3.56107 20.8
1053 188 3.0229 20.9
1053 188 3.06164 20.9
1053 87 2.77681 20.4
813 621 2.50745 20.9
625 524 2.58096 20.3
817 540 3.37361 20.65
819 63 2.40722 20.95
351 177 3.1316 20.55
974 62 3.01312 20.45
977 225 2.93227 21.05
367 275 2.60327 21.45
367 275 2.87336 20.3
355 538 3.04634 20.4
366 36 4.7433 20.85
358 605 3.13516 20.35
635 537 2.68245 20.3
638 622 3.93388 21.15
638 622 4.12683 20.85
732 175 2.42597 20.3
733 8 2.48292 20.7
716 350 2.93887 21.45
720 203 2.35417 20.5
375 111 4.21893 20.55
721 517 2.51603 20.7
722 190 2.86906 20.65
377 560 3.36537 20.4
740 233 3.60557 21.25
741 399 2.90256 20.8
726 452 3.52523 20.3
745 355 3.27379 20.3
748 187 2.677 20.5
424 376 3.51941 20.45
408 134 3.0192 20.35
927 138 2.5775 20.8
1263 327 2.53414 20.8
1203 583 2.98184 20.4
890 181 3.384 20.45
1264 296 2.6575 21.4
1060 123 2.3925 20.45
1061 398 3.03352 20.5
929 372 2.9462 20.65
930 152 2.4331 20.65
1266 436 3.5651 20.8
1207 265 3.232 20.45
931 620 2.83507 20.55
548 167 3.7062 20.5
932 208 2.9122 20.3
933 310 2.30205 20.4
895 271 4.34043 20.7
1208 59 2.6648 20.8
1186 172 3.30214 20.45
933 459 4.28548 20.4
895 31 4.0073 20.85
1188 236 3.04561 21.35
896 134 2.8206 20.85
469 267 3.69052 20.35
1194 257 3.1236 20.35
1212 33 2.5216 20.6
899 592 2.7992 20.5
1302 539 3.34008 20.9
1195 561 2.3101 20.7
1202 235 2.6347 20.3
901 455 3.48729 21.2
941 265 3.1763 20.55
941 108 3.48576 20.8
1216 403 2.5787 20.4
902 91 2.981 20.6
941 64 3.12462 20.35
770 291 3.84601 20.5
1216 586 3.27674 20.3
1006 474 2.2909 20.65
1006 212 3.02609 20.4
573 318 3.07741 20.3
942 114 2.35512 20.4
945 520 2.50191 20.6
942 21 4.47437 21.0
945 148 2.2832 20.65
1007 330 2.3458 20.3
1218 178 4.79966 20.4
1218 508 2.9582 20.5
997 529 3.23433 20.45
944 194 3.6865 20.85
873 138 2.7436 20.9
1238 265 2.31723 20.4
1238 403 3.0653 21.05
1238 411 2.5926 21.4
998 407 3.37809 20.45
961 450 2.5196 21.0
1239 55 3.0738 21.15
999 442 3.0374 21.65
905 546 2.684 20.5
1240 475 2.84266 21.2
876 346 3.94924 20.35
1011 317 3.34394 20.9
963 100 3.2774 20.35
1010 22 2.4555 20.55
1002 409 3.4605 20.35
1002 189 2.5 20.5
509 251 2.93173 20.35
1004 329 3.224 20.3
1004 154 2.68116 20.6
1222 416 2.9736 20.7
1223 26 3.85718 21.15
282 503 3.6845 20.5
1014 549 2.31356 20.3
967 420 3.166 20.35
1225 214 3.2061 21.4
1225 563 2.87511 20.45
967 533 2.6695 21.25
1226 32 3.63 21.3
1226 638 3.4688 20.55
1226 638 3.7957 21.5
1016 632 2.491 20.55
1017 175 3.0625 21.25
882 554 2.9623 20.5
1229 99 2.5843 21.35
1230 127 3.38964 21.35
1230 104 3.30476 20.4
1371 223 4.57422 20.45
1371 255 3.1356 20.35
1230 632 2.71936 20.35
1232 603 2.7931 20.8
1020 107 3.0406 20.35
1316 591 2.7324 20.35
1038 593 2.7245 20.55
1279 116 2.916 20.65
848 146 3.0232 20.95
1039 489 4.13749 20.35
1319 163 3.2457 20.8
1281 584 3.0261 20.55
296 329 2.5381 21.55
1282 466 2.5441 20.8
1282 466 2.5786 21.2
1282 555 2.36499 20.35
1282 70 2.44507 20.8
1282 70 2.60815 20.35
1041 46 2.22958 20.55
1041 46 2.31685 20.4
1283 423 3.24018 20.95
1158 320 2.21087 20.6
914 235 2.3624 20.3
914 212 2.56 20.35
1158 514 3.2919 20.5
1285 508 3.2565 20.3
788 362 4.66257 20.3
789 309 2.8813 20.35
1287 489 2.9023 21.1
1160 599 3.0224 20.3
1349 496 2.6566 20.45
1288 573 2.2199 20.3
1162 205 2.3428 21.05
1047 253 3.5559 20.35
1289 296 4.3999 20.85
1162 579 2.90524 20.3
1162 579 2.93793 20.95
1162 579 3.20324 20.6
1162 52 2.6282 20.85
1162 52 3.3305 20.35
1289 423 2.91481 20.9
1350 201 3.76304 20.55
1350 201 3.94322 20.7
1048 331 3.0495 20.65
1289 552 2.5968 21.25
1164 360 3.01037 20.35
1048 618 3.37305 20.35
588 594 2.67315 20.35
1049 523 2.57 20.35
1049 42 3.2686 20.35
1165 426 3.5868 20.9
1050 416 3.0844 20.3
1050 483 3.29521 21.1
1165 582 3.5048 21.45
1331 332 2.9854 20.95
1331 585 2.6739 20.35
1167 305 2.32256 20.4
1332 242 4.08542 20.3
796 415 3.2863 20.35
1333 123 3.2087 20.9
1168 564 2.5551 20.7
1168 543 3.72807 20.3
1054 367 2.3767 20.8
1169 224 3.3963 20.4
1404 147 3.4818 20.45
1054 602 2.55209 20.3
1169 637 2.9436 20.65
1170 248 2.861 20.9
1408 460 5.0756 20.95
1408 617 2.7699 21.0
1338 33 2.5671 21.25
1339 299 2.9426 20.5
1340 388 2.57095 20.6
1339 610 2.6358 20.75
1343 543 2.2702 20.4
631 127 4.57422 20.35
977 329 3.47491 20.65
987 123 3.2071 20.3
988 269 3.2176 20.45
735 460 2.4775 20.5
738 405 2.75737 20.3
739 465 3.2587 20.55
739 89 2.418 21.15
739 557 4.2833 21.15
740 627 4.7486 21.0
647 386 3.0569 20.35
648 19 2.9979 20.55
1867 568 2.959 20.85
1867 618 3.0179 20.4
1920 273 3.57387 20.45
1736 582 4.02002 20.95
890 181 3.2237 20.45
1737 10 2.68116 20.55
1737 10 2.92912 20.35
1737 10 3.04572 20.45
1923 309 4.6578 20.8
1871 194 3.1778 20.8
1780 529 3.11324 20.45
1781 371 3.364 20.5
1584 447 3.2431 20.8
1925 171 2.5478 21.05
1584 621 3.4125 21.1
1781 205 3.17911 20.4
1758 202 2.34876 20.4
1267 408 2.90827 20.5
1927 29 2.22618 20.6
1297 389 3.31655 20.4
1758 636 2.9453 20.6
1929 44 3.7107 20.65
1929 44 4.38987 20.7
1269 374 2.20615 20.65
1298 597 3.1443 21.15
1933 321 2.3604 21.15
2085 449 2.7904 20.8
2085 449 2.8177 21.15
1299 403 3.74225 21.05
1738 265 4.24484 20.6
1589 614 2.2413 20.35
1300 560 2.5627 20.75
1591 166 3.55601 20.55
1272 22 3.6588 20.6
1301 253 3.2087 20.6
1936 11 3.46667 20.6
1936 618 3.80376 21.05
1936 614 3.06763 20.45
1592 400 2.97622 20.3
1938 440 2.54591 20.45
1938 529 3.06749 20.35
1740 503 3.44744 20.55
1303 387 2.91014 20.7
1940 441 2.3205 20.9
1940 441 2.7688 20.8
1940 441 3.2636 21.1
1303 130 2.9362 20.4
1304 242 2.3424 21.05
1741 575 2.78429 20.45
1944 97 3.8657 20.7
1943 35 2.4296 20.6
1742 52 3.6961 20.45
1743 283 2.7591 20.95
1945 32 3.3471 20.7
1306 52 2.4418 21.05
1949 296 3.0942 20.3
1948 59 3.4478 20.35
945 247 3.1142 20.4
1952 330 2.3308 21.7
1744 109 2.8006 20.6
1953 304 2.916 21.2
1953 304 3.2274 21.1
1426 41 2.7997 20.55
1957 303 2.4984 20.35
1427 526 2.66087 20.55
1427 526 2.89695 20.45
1597 635 2.87616 20.45
1955 577 2.9332 20.9
1427 553 3.25827 20.4
1598 525 3.10284 20.3
1958 449 2.91939 20.3
1958 515 2.7904 21.5
1428 516 3.0326 20.55
1747 498 2.9938 20.6
1359 18 2.59571 20.7
1431 358 2.72827 20.8
1431 358 2.7493 21.25
1359 36 2.57066 20.4
999 442 2.89594 20.5
1600 319 3.3952 21.05
1429 530 2.9422 20.6
1600 233 3.1908 20.95
1432 196 3.07249 20.65
1432 196 3.12128 20.3
1969 489 3.21778 20.55
1982 626 3.4412 21.3
1969 526 4.08492 21.0
1969 623 3.401 20.85
2025 378 2.70156 20.75
1998 594 2.91664 20.7
1433 54 2.29674 20.55
1749 155 2.9199 20.55
2007 245 2.5064 21.1
2090 105 3.90277 20.5
2090 105 4.34545 20.55
2090 105 4.82082 20.4
1983 140 3.29235 20.85
1437 358 2.21207 20.3
1988 411 3.33795 20.7
1603 228 3.75623 20.75
1603 228 4.39578 21.4
1604 383 3.39258 20.45
1604 383 3.5461 20.75
1751 627 2.6004 21.35
1752 284 3.2014 21.2
2034 594 4.0523 21.0
1752 242 2.27027 20.5
1752 242 2.3828 20.3
1752 279 3.25311 20.5
2030 539 3.8206 21.55
2030 41 2.7461 20.9
1438 57 3.0456 20.95
1752 496 3.25485 20.45
1439 595 2.6619 20.35
1364 620 3.02736 20.6
1441 469 3.2833 21.1
1980 631 2.73329 21.0
2037 497 2.90396 20.95
1310 388 2.67706 20.3
1606 241 3.8027 20.4
1754 328 2.43559 21.15
2113 266 3.4962 21.5
1443 432 2.2715 20.4
2036 403 3.8735 21.45
1607 335 2.59736 20.5
1974 133 2.4497 20.8
2098 464 2.6278 20.3
1366 24 3.22459 20.35
1366 614 2.9735 21.2
1607 537 3.02424 20.3
2008 241 3.09246 20.45
1367 448 2.50817 20.8
1310 29 2.9984 20.9
1445 119 3.67288 20.65
1970 470 4.84904 20.4
1970 98 2.8375 20.5
1970 98 2.90141 20.4
1970 98 3.08529 20.8
2035 163 2.5768 20.65
2035 163 2.5985 20.9
2027 269 2.42992 20.65
2035 11 2.7583 20.7
2027 58 2.4857 20.7
1369 502 4.47752 20.3
1976 187 3.2199 20.65
2095 467 4.79148 20.75
1448 223 3.1867 20.75
2099 635 3.67431 20.6
2099 635 3.6868 20.6
1370 335 2.58369 20.5
1995 285 2.51467 20.7
1369 606 2.7078 20.5
2108 579 3.0973 20.8
1995 242 2.8032 21.4
2105 191 2.3095 20.4
1370 434 2.7607 20.95
1613 366 2.97229 20.35
2001 432 2.22378 20.5
1999 209 3.022 20.65
1766 539 3.1228 20.85
1766 570 3.00539 20.3
1614 314 2.87045 20.8
1451 140 2.2891 20.4
2003 238 2.4749 20.35
1452 71 3.4524 20.6
1768 532 2.87645 20.5
1454 277 3.0466 20.85
2010 97 3.50745 20.3
2010 536 3.6714 20.4
2020 490 2.4714 20.8
1769 519 3.0241 20.45
1455 257 2.66677 20.7
1694 85 3.0981 20.45
1456 68 2.73042 21.0
1695 380 2.9818 20.5
1695 235 2.9441 20.35
1695 247 2.80951 20.65
2011 388 2.8809 20.7
2006 331 3.3393 20.4
2011 171 3.17356 21.35
2011 171 3.3515 20.55
1695 636 3.0251 20.95
1374 217 3.3097 21.55
1374 217 3.34618 20.35
1374 217 3.75537 21.05
1696 278 2.9139 20.55
1696 278 2.92838 20.35
2021 9 3.11425 20.3
1772 416 2.9759 20.4
2011 16 2.38548 20.3
1696 102 2.77386 20.5
2088 401 3.01086 21.35
1459 597 2.8876 20.95
1462 384 2.94736 20.55
1698 326 2.67269 20.3
1698 326 3.004 20.6
1667 131 3.20615 20.3
1698 612 3.54972 20.4
1376 593 2.88032 20.75
1668 223 2.43832 20.45
1978 186 2.8334 20.85
1668 150 2.6948 21.35
1463 551 3.05501 20.6
1463 551 3.16825 20.4
1668 88 3.7567 20.65
1465 401 3.0177 20.6
1700 99 2.79563 20.8
1377 398 3.2353 20.35
1377 398 3.5949 21.7
2024 255 3.0377 20.4
1377 159 2.26952 20.45
1670 397 2.22834 20.4
1701 569 3.49204 20.4
1701 569 3.74435 20.3
914 197 2.95269 20.4
1158 555 3.1451 21.1
1671 305 2.2576 20.4
1838 499 3.52055 20.4
1378 599 3.29323 20.3
1671 222 3.014 20.3
1379 405 3.362 20.65
1379 575 2.74313 20.45
1379 74 2.8255 20.7
1643 271 2.83688 20.55
1825 153 4.10923 20.55
1394 624 3.3621 20.5
1827 269 2.3078 20.4
2132 198 3.1868 21.0
1287 595 2.62564 20.5
2136 438 2.8115 20.4
2136 493 3.4111 20.7
1396 42 2.5982 21.4
1828 622 2.50905 21.35
1828 622 2.82292 20.3
1675 325 3.37458 20.35
1675 301 2.79253 20.45
1674 548 3.61519 20.8
1712 94 2.6737 21.15
1397 351 2.88216 20.9
1397 375 2.57016 20.35
1647 281 3.45716 20.75
1397 494 2.84496 20.3
1351 388 2.65688 20.4
1328 555 3.40843 20.5
1647 541 3.0039 20.7
1648 183 3.3928 20.65
1648 469 2.3971 20.75
1352 194 2.77002 21.55
1385 272 3.7239 21.05
1677 424 3.0643 20.75
1385 116 2.32265 21.0
1353 246 3.29074 20.6
1649 567 2.6308 20.55
1649 567 2.81491 20.8
1678 614 2.87065 20.4
614 456 2.3096 20.6
1387 583 3.47495 21.05
1388 432 2.3612 20.95
1388 167 3.33895 20.65
1679 53 2.86008 20.55
1581 220 2.4435 20.85
1416 515 3.6473 20.8
1822 287 2.41652 20.85
1654 508 2.9745 20.45
1654 16 3.056 20.6
1851 228 3.53766 20.5
1417 616 2.81339 20.95
1655 522 3.4325 20.65
1682 205 3.5149 20.95
1852 401 3.46256 20.65
1730 308 2.3976 21.55
1682 16 2.90197 20.55
1852 158 3.2962 21.35
1406 191 3.68581 20.4
1577 178 2.59793 20.75
1420 465 3.3843 20.65
1683 66 2.2778 20.45
1576 495 4.08961 20.95
1576 628 3.3236 20.8
1658 562 2.5844 20.7
1571 323 2.955 20.3
1571 219 4.08291 20.65
1571 219 4.44405 20.4
1686 353 2.88874 20.7
1571 461 2.96907 20.35
1340 216 3.41932 20.3
1686 480 3.50353 20.35
1686 549 3.94114 20.9
1423 121 3.2652 20.5
1690 242 3.0889 20.45
1690 436 3.2276 21.2
1691 289 2.95254 20.45
1691 289 3.25438 21.05
1415 423 4.00655 20.35
1415 423 4.10046 20.35
1415 168 2.67779 20.4
1687 302 3.46476 20.6
1692 578 5.19089 20.35
